212844	12 Jul 17	08:00:00	1	0	0	0	0	0	0	0	4	1	0	0	2	0	0	0	0	0	3	1	0	3	0	1	1	1	0	0	1	3	0	0	2	0	0	3	1	1	2
212845	12 Jul 17	08:01:00	1	0	0	0	0	0	0	0	0	1	0	0	1	0	0	0	0	1	2	4	0	3	1	2	0	1	0	0	2	4	0	2	2	0	0	1	1	1	1
212846	12 Jul 17	08:02:00	1	0	0	0	0	0	0	0	0	1	0	0	2	0	2	0	1	1	3	0	0	3	1	2	1	2	1	0	2	3	0	2	0	0	0	4	3	2	1
212847	12 Jul 17	08:03:00	1	0	0	0	0	0	0	0	0	1	0	0	0	0	1	0	1	1	2	1	0	3	1	3	0	1	1	0	2	4	0	0	4	0	0	4	2	2	0
212848	12 Jul 17	08:04:00	1	0	0	0	0	0	0	0	0	1	0	0	1	0	2	0	0	1	3	1	0	0	1	3	0	1	0	0	1	3	2	1	1	0	0	3	1	2	0
212849	12 Jul 17	08:05:00	1	0	0	0	0	0	0	0	0	2	0	0	0	0	2	0	1	2	2	1	0	2	1	2	0	4	0	0	2	3	3	1	0	0	0	1	2	2	3
212850	12 Jul 17	08:06:00	1	0	0	0	0	0	0	0	0	2	0	0	0	0	0	0	1	1	3	1	0	3	1	3	0	3	0	0	1	3	1	0	0	0	0	8	2	3	2
212851	12 Jul 17	08:07:00	1	0	0	0	0	0	0	0	0	1	2	0	0	0	1	0	1	0	2	4	0	3	0	3	1	4	0	0	0	3	0	0	0	0	0	1	1	2	1
212852	12 Jul 17	08:08:00	1	0	0	0	0	0	0	0	1	0	1	0	0	0	2	0	2	0	1	2	0	3	1	4	0	3	0	0	5	2	0	0	1	0	0	3	2	1	2
212853	12 Jul 17	08:09:00	1	0	0	0	0	0	0	0	1	0	1	0	0	0	2	0	2	1	2	5	0	2	0	4	3	1	0	0	0	3	1	0	0	0	0	3	2	3	1
212854	12 Jul 17	08:10:00	1	0	0	0	0	0	0	0	1	1	1	0	2	0	2	0	0	0	2	3	0	3	0	1	0	1	0	0	2	3	0	0	0	0	0	0	2	1	0
212855	12 Jul 17	08:11:00	1	0	0	0	0	0	0	0	4	3	1	0	2	0	2	0	1	2	2	1	0	3	0	1	1	0	2	0	2	5	0	0	0	0	0	0	2	1	2
212856	12 Jul 17	08:12:00	1	0	0	0	0	0	0	0	3	1	1	0	2	0	1	0	0	0	1	2	0	3	0	3	0	1	1	0	1	3	1	0	0	0	0	0	2	0	2
212857	12 Jul 17	08:13:00	1	0	0	0	0	0	0	0	7	1	1	0	2	0	1	0	1	0	2	3	0	3	0	3	0	1	1	0	2	2	2	0	0	0	0	0	1	0	3
212858	12 Jul 17	08:14:00	1	0	0	0	0	0	0	0	1	1	2	0	4	0	1	0	0	0	2	1	0	3	0	3	1	2	1	0	2	2	0	0	1	0	0	0	2	0	0
212859	12 Jul 17	08:15:00	1	0	0	0	0	0	0	0	2	4	2	0	2	0	2	0	0	0	2	2	0	3	0	1	0	3	2	0	1	2	2	0	1	0	0	0	4	0	2
212860	12 Jul 17	08:16:00	1	0	0	0	0	0	0	0	1	1	0	0	2	0	2	0	0	0	4	1	0	3	0	3	5	1	0	0	2	2	3	0	0	0	0	0	2	0	1
212861	12 Jul 17	08:17:00	1	0	0	0	0	0	0	0	0	1	5	0	2	0	0	0	0	0	3	8	0	1	0	2	5	4	2	0	2	4	2	0	0	0	0	0	1	0	1
212862	12 Jul 17	08:18:00	1	0	0	0	0	0	0	0	0	2	1	0	3	0	2	0	5	0	2	2	0	1	0	0	0	2	2	0	2	2	1	0	0	0	0	0	0	0	1
212863	12 Jul 17	08:19:00	1	0	0	0	0	0	0	0	0	0	1	0	1	0	0	0	1	0	1	0	0	3	0	0	0	3	2	0	2	3	1	0	0	0	0	0	0	0	1
212864	12 Jul 17	08:20:00	1	0	0	0	0	0	0	0	0	3	3	0	1	0	2	0	1	0	1	0	0	3	0	0	0	1	2	0	1	2	1	0	0	0	0	2	0	0	2
212865	12 Jul 17	08:21:00	1	0	0	0	0	0	1	0	1	5	1	0	1	0	2	0	1	0	2	0	0	3	0	0	0	2	2	0	5	3	2	0	1	0	0	0	0	0	3
212866	12 Jul 17	08:22:00	1	0	0	0	0	0	1	1	6	2	2	0	2	1	1	1	0	0	1	0	1	6	2	0	1	1	3	2	3	2	3	0	2	3	0	2	2	0	1
212867	12 Jul 17	08:23:00	1	0	0	0	0	0	1	2	1	2	2	0	1	2	1	2	1	2	2	0	0	5	1	1	2	2	1	3	2	3	3	2	1	3	0	0	0	0	4
212868	12 Jul 17	08:24:00	1	0	0	0	0	0	1	2	2	2	4	0	2	2	1	1	1	0	1	0	1	4	0	0	3	1	0	1	2	3	3	0	1	2	0	0	0	1	2
212869	12 Jul 17	08:25:00	1	0	0	0	0	0	1	3	0	3	3	0	2	2	1	2	1	1	2	0	2	4	0	0	3	1	0	5	0	2	5	0	1	2	0	0	0	1	0
212870	12 Jul 17	08:26:00	1	0	0	0	0	0	1	2	0	1	5	0	1	3	2	1	2	1	1	0	1	4	1	0	1	1	0	2	0	0	4	2	2	3	0	0	0	0	2
212871	12 Jul 17	08:27:00	1	0	0	0	0	0	1	2	0	0	0	0	1	1	0	6	4	3	1	0	1	4	1	0	1	1	0	2	0	1	2	0	1	2	0	0	0	0	2
212872	12 Jul 17	08:28:00	1	0	0	0	0	0	1	2	1	0	6	0	2	4	0	1	0	0	0	0	2	0	2	0	3	1	2	1	2	1	3	0	1	1	0	0	0	0	2
212873	12 Jul 17	08:29:00	1	0	0	0	0	0	1	2	5	2	3	0	1	2	0	0	0	1	0	0	1	0	0	0	1	1	0	0	0	1	0	0	3	2	0	0	0	0	2
212874	12 Jul 17	08:30:00	1	0	0	0	0	0	1	3	1	0	3	0	2	2	0	0	0	1	0	0	2	2	0	0	3	1	2	1	3	0	0	0	0	2	0	0	0	0	2
212875	12 Jul 17	08:31:00	1	0	0	0	0	0	1	2	0	0	0	0	1	1	0	0	0	1	0	0	0	2	0	0	0	1	0	1	1	0	2	0	1	1	0	0	0	0	1
212876	12 Jul 17	08:32:00	1	0	0	0	0	0	1	3	0	1	3	0	1	1	0	0	0	1	0	0	0	1	0	0	0	0	2	1	0	0	0	0	2	0	0	0	0	3	3
212877	12 Jul 17	08:33:00	1	0	0	0	0	0	1	2	0	1	1	0	1	0	0	0	0	1	0	0	0	2	0	0	0	0	0	1	1	0	0	3	0	0	0	0	0	0	0
212878	12 Jul 17	08:34:00	1	0	0	0	0	0	1	2	0	1	0	0	1	1	0	0	1	1	0	0	0	4	0	0	0	0	0	2	1	0	0	0	1	0	0	0	0	0	0
212879	12 Jul 17	08:35:00	1	0	0	0	0	0	1	2	0	1	0	0	0	0	0	0	1	0	0	0	0	5	0	0	0	0	0	1	0	0	0	0	0	0	0	0	0	0	1
212880	12 Jul 17	08:36:00	1	0	0	0	0	0	1	2	0	2	0	0	0	0	0	0	0	0	0	0	1	3	6	0	0	0	0	1	2	0	0	0	1	0	0	0	0	0	2
212881	12 Jul 17	08:37:00	1	0	0	0	0	0	1	3	4	2	0	0	0	0	0	0	1	3	0	0	1	2	1	0	0	0	0	1	0	0	0	0	1	0	0	0	0	0	4
212882	12 Jul 17	08:38:00	1	0	0	0	0	0	1	2	0	3	0	0	0	0	0	0	0	0	0	0	0	2	0	0	0	0	0	0	1	0	0	0	1	0	0	0	0	1	1
212883	12 Jul 17	08:39:00	1	0	0	0	0	0	1	2	0	2	2	0	0	0	0	0	0	1	0	0	0	2	0	0	0	0	0	0	1	0	0	0	1	0	0	0	0	1	0
212884	12 Jul 17	08:40:00	1	0	0	0	0	0	1	2	0	2	3	0	0	0	0	0	0	0	0	0	2	0	0	0	0	0	0	2	0	0	0	0	0	0	0	0	0	0	0
212885	12 Jul 17	08:41:00	1	0	0	0	0	0	1	1	0	1	0	0	0	0	0	0	0	1	3	0	2	0	0	0	0	0	0	4	0	0	0	0	0	0	0	0	0	0	0
212886	12 Jul 17	08:42:00	1	0	0	0	0	0	1	1	0	2	0	0	0	0	0	0	0	1	2	0	0	1	0	0	0	0	0	1	0	0	0	0	0	0	2	0	0	0	0
212887	12 Jul 17	08:43:00	1	0	0	0	0	0	1	2	0	1	0	0	0	0	0	0	0	0	0	0	0	3	0	0	0	0	0	2	0	0	0	0	0	0	1	0	0	0	0
212888	12 Jul 17	08:44:00	1	0	0	0	0	0	1	2	0	1	0	0	0	0	0	0	0	0	1	0	0	3	0	0	0	0	0	1	0	0	0	0	0	0	0	0	0	0	0
212889	12 Jul 17	08:45:00	1	0	0	0	0	0	1	1	0	1	0	0	0	0	0	0	0	0	0	0	1	2	0	0	0	0	2	0	0	0	0	0	0	0	0	0	0	0	0
212890	12 Jul 17	08:46:00	1	0	0	0	0	0	1	1	0	1	0	0	0	0	0	0	0	0	0	0	0	3	0	0	0	0	1	1	0	0	0	0	0	0	0	0	0	0	0
212891	12 Jul 17	08:47:00	1	0	0	0	0	0	1	12	0	1	0	0	0	0	0	0	1	0	0	0	0	3	0	0	0	0	2	0	0	0	0	0	0	0	0	0	0	0	0
212892	12 Jul 17	08:48:00	1	0	0	0	0	0	1	2	0	1	0	0	1	0	0	0	0	0	0	0	0	3	0	0	0	0	1	0	1	0	0	0	0	0	0	0	0	0	0
212893	12 Jul 17	08:49:00	1	0	0	0	0	0	1	2	0	0	0	0	0	0	0	0	0	0	0	0	0	3	0	0	0	0	1	0	2	0	0	0	0	0	0	0	0	0	0
212894	12 Jul 17	08:50:00	1	0	0	0	0	0	1	2	0	4	0	0	1	0	0	0	1	0	0	0	0	3	0	0	0	0	1	0	1	0	0	0	0	0	0	0	0	0	0
212895	12 Jul 17	08:51:00	1	0	0	0	0	0	1	1	4	3	1	0	1	1	0	0	1	0	0	0	0	3	0	0	1	0	1	0	1	1	1	0	1	2	0	0	0	0	0
212896	12 Jul 17	08:52:00	1	0	0	0	0	0	1	2	1	3	1	0	1	1	1	1	1	3	0	0	1	4	0	0	2	0	3	0	2	4	1	1	1	1	0	0	0	0	2
212897	12 Jul 17	08:53:00	1	0	0	0	0	0	1	0	0	1	1	0	2	0	0	0	2	1	0	1	3	3	1	0	0	0	2	0	2	1	3	3	1	0	1	2	2	0	2
212898	12 Jul 17	08:54:00	1	0	0	0	0	0	1	0	8	2	1	0	0	2	1	0	0	2	0	2	0	3	1	0	1	0	2	0	3	2	1	2	0	1	0	0	0	0	1
212899	12 Jul 17	08:55:00	1	0	0	0	0	0	1	1	1	1	0	0	0	1	1	0	0	1	0	1	0	2	1	0	2	0	0	0	0	3	0	0	1	1	2	0	0	0	2
212900	12 Jul 17	08:56:00	1	0	0	0	0	0	1	3	0	2	0	0	0	1	3	0	0	1	0	0	0	2	1	0	2	0	0	0	2	3	0	0	2	1	0	0	0	0	10
212901	12 Jul 17	08:57:00	1	0	0	0	0	0	1	9	0	0	0	0	0	2	1	0	2	0	0	0	0	2	1	0	1	0	0	0	1	1	1	0	1	2	0	0	1	3	2
212902	12 Jul 17	08:58:00	1	0	0	0	0	0	1	0	4	2	0	0	2	0	2	2	0	0	0	0	0	4	0	0	1	0	0	0	3	3	3	0	0	1	0	0	2	0	1
212903	12 Jul 17	08:59:00	1	0	0	0	0	0	1	0	1	1	1	0	2	0	1	2	1	1	1	0	1	3	0	0	2	0	1	0	1	3	0	1	1	2	0	0	2	0	3
212904	12 Jul 17	09:00:00	1	0	0	0	0	0	1	2	4	4	4	0	6	3	1	1	2	0	1	0	3	3	2	6	3	1	3	1	1	2	2	4	2	3	0	1	1	1	3
212905	12 Jul 17	09:01:00	1	0	0	0	0	0	1	3	6	0	6	0	2	3	2	3	4	1	1	2	6	0	1	4	4	1	7	1	4	6	4	7	2	4	1	2	2	3	3
212906	12 Jul 17	09:02:00	1	0	0	0	0	0	1	4	1	0	5	0	1	1	3	1	1	2	3	2	0	0	1	3	2	0	1	1	5	5	4	3	2	3	3	2	0	2	2
212907	12 Jul 17	09:03:00	1	0	0	0	0	0	1	3	3	0	9	0	0	1	2	2	1	2	3	3	1	0	0	2	2	0	3	2	1	4	3	2	3	3	2	2	0	2	4
212908	12 Jul 17	09:04:00	1	0	0	0	0	0	1	2	3	1	5	0	0	1	4	0	4	1	2	1	5	0	0	0	2	0	2	1	0	4	3	2	1	3	4	2	0	2	2
212909	12 Jul 17	09:05:00	1	0	0	0	0	0	1	3	2	0	4	0	0	1	1	1	4	1	2	3	1	0	1	4	2	0	1	1	0	3	0	1	2	4	0	2	0	1	3
212910	12 Jul 17	09:06:00	1	0	0	0	0	0	1	3	3	0	4	0	1	1	3	1	2	1	2	0	2	0	0	0	2	0	1	5	2	3	0	5	3	3	2	4	0	2	1
212911	12 Jul 17	09:07:00	1	0	0	0	0	0	1	3	2	0	6	0	3	0	4	1	2	0	4	2	2	1	0	2	2	1	4	1	4	3	0	0	1	2	0	3	0	2	2
212912	12 Jul 17	09:08:00	1	0	0	0	0	0	1	1	1	0	4	0	2	2	2	1	1	1	3	4	3	6	0	0	2	1	3	2	3	4	0	2	3	2	2	4	0	1	1
212913	12 Jul 17	09:09:00	1	0	0	0	0	0	1	2	4	0	3	0	1	0	3	1	3	1	2	3	2	5	0	0	2	0	2	0	3	3	0	0	1	2	0	2	0	3	2
212914	12 Jul 17	09:10:00	1	0	0	0	0	0	1	1	3	0	4	0	1	0	2	0	0	1	2	2	1	6	0	0	3	0	2	2	0	1	0	1	2	2	3	4	0	1	2
212915	12 Jul 17	09:11:00	1	0	0	0	0	0	1	2	1	0	5	0	0	0	2	0	2	2	2	1	3	5	0	1	1	0	0	1	0	0	0	3	3	4	3	2	0	2	4
212916	12 Jul 17	09:12:00	1	0	0	0	0	0	1	3	1	0	3	0	0	0	6	0	3	0	3	4	1	4	0	0	2	0	0	4	0	2	0	0	1	2	0	1	0	0	4
212917	12 Jul 17	09:13:00	1	0	0	0	0	0	1	1	3	0	3	0	0	0	0	0	2	0	1	0	3	4	0	0	1	0	0	1	1	4	0	0	0	2	0	0	0	2	1
212918	12 Jul 17	09:14:00	1	0	0	0	0	0	1	2	0	0	5	0	0	0	1	0	2	2	1	0	2	3	0	0	1	0	0	3	1	1	0	0	0	1	0	0	0	0	1
212919	12 Jul 17	09:15:00	1	0	0	0	0	0	1	2	0	0	4	0	0	0	0	0	1	1	1	0	0	2	0	0	3	0	0	1	0	3	0	1	0	2	0	0	0	0	2
212920	12 Jul 17	09:16:00	1	0	0	0	0	0	1	2	0	0	3	0	0	0	0	0	0	2	0	0	0	1	0	0	1	0	0	1	0	0	0	0	0	1	0	1	0	0	1
212921	12 Jul 17	09:17:00	1	0	0	0	0	0	1	2	0	0	4	0	0	0	0	0	0	2	0	0	1	4	0	0	1	0	0	2	0	1	0	0	0	3	0	2	0	0	2
212922	12 Jul 17	09:18:00	1	0	0	0	0	0	1	1	0	0	3	0	0	0	0	0	0	2	0	0	1	3	0	0	0	0	0	1	0	3	0	0	0	2	0	1	0	0	2
212923	12 Jul 17	09:19:00	1	0	0	0	0	0	1	1	0	0	2	0	0	0	0	0	0	1	0	0	0	4	0	0	5	0	0	0	0	2	0	0	0	1	0	0	0	0	1
212924	12 Jul 17	09:20:00	1	0	0	0	0	0	1	1	0	0	2	0	0	0	0	0	0	0	0	0	0	5	0	0	0	0	0	0	0	0	0	0	0	0	0	0	0	0	0
212925	12 Jul 17	09:21:00	1	0	0	0	0	0	1	3	0	0	2	0	0	0	0	0	0	3	0	0	0	3	0	0	0	0	0	0	3	0	0	0	0	0	0	2	0	0	0
212926	12 Jul 17	09:22:00	1	0	0	0	0	0	1	1	0	0	0	0	0	0	0	0	1	1	0	0	0	3	0	0	0	0	0	1	1	0	0	0	0	3	0	3	0	0	0
212927	12 Jul 17	09:23:00	1	0	0	0	0	0	1	0	0	0	0	0	0	0	0	0	2	1	0	0	0	0	0	0	0	0	0	0	0	0	0	0	0	2	0	1	0	0	0
212928	12 Jul 17	09:24:00	1	0	0	0	0	0	1	0	0	0	1	0	0	0	0	0	1	0	0	0	0	0	0	0	0	0	0	0	1	0	0	0	0	1	0	2	0	0	0
212929	12 Jul 17	09:25:00	1	0	0	0	0	0	1	0	0	0	0	0	0	0	0	0	2	0	0	0	0	0	0	0	0	0	0	0	0	0	0	0	0	0	0	0	0	0	0
212930	12 Jul 17	09:26:00	1	0	0	0	0	0	1	1	0	0	0	0	0	0	0	0	3	0	0	0	0	0	0	0	0	0	0	0	0	0	0	0	0	0	0	1	0	0	0
212931	12 Jul 17	09:27:00	1	0	0	0	0	0	1	2	0	0	0	0	0	0	0	0	1	0	0	0	0	1	0	0	0	0	0	0	0	0	0	0	1	0	0	1	0	0	0
212932	12 Jul 17	09:28:00	1	0	0	0	0	0	1	1	0	0	0	0	0	0	0	0	4	0	0	0	0	2	0	0	0	0	0	0	0	0	0	0	1	0	0	1	0	0	0
212933	12 Jul 17	09:29:00	1	0	0	0	0	0	1	0	0	0	0	0	0	0	0	0	0	0	0	0	0	5	0	0	0	0	0	0	0	0	0	0	2	0	0	1	0	0	0
212934	12 Jul 17	09:30:00	1	0	0	0	0	0	1	1	0	0	0	0	0	0	0	0	1	0	0	0	0	3	0	0	0	0	0	0	0	0	0	0	0	0	0	0	0	0	0
212935	12 Jul 17	09:31:00	1	0	0	0	0	0	1	1	0	0	0	0	0	0	0	0	1	0	0	0	0	4	0	0	0	0	0	0	0	0	0	0	0	0	0	0	0	0	0
212936	12 Jul 17	09:32:00	1	0	0	0	0	0	1	0	0	0	0	0	0	0	0	0	1	0	0	0	0	4	0	0	0	0	0	0	0	0	0	0	0	0	0	0	0	0	0
212937	12 Jul 17	09:33:00	1	0	0	0	0	0	1	0	0	0	0	0	0	0	0	0	0	0	0	0	0	2	0	0	0	0	1	0	0	1	0	1	0	0	0	0	0	0	0
212938	12 Jul 17	09:34:00	1	0	0	0	0	0	1	0	0	0	0	0	0	1	0	0	2	0	0	0	0	2	0	0	0	0	0	0	0	1	0	1	0	0	0	0	0	0	0
212939	12 Jul 17	09:35:00	1	0	0	0	0	0	1	0	0	0	0	0	0	0	0	0	3	0	0	0	0	3	0	1	0	0	0	0	0	0	0	1	0	0	0	0	0	0	0
212940	12 Jul 17	09:36:00	1	0	0	0	0	0	1	0	0	0	0	0	2	0	0	0	1	1	0	0	0	4	0	0	0	0	1	0	0	0	0	0	0	0	0	1	0	0	0
212941	12 Jul 17	09:37:00	1	0	0	0	0	0	1	1	0	0	1	0	0	0	0	1	1	3	0	0	0	2	0	1	0	0	0	0	0	0	0	0	1	0	0	1	0	0	0
212942	12 Jul 17	09:38:00	1	0	0	0	0	0	1	2	0	0	4	0	1	1	2	1	2	2	3	3	2	2	0	1	0	0	1	4	4	2	5	1	3	1	0	2	1	3	1
212943	12 Jul 17	09:39:00	1	0	0	0	0	0	1	1	0	0	1	0	0	0	2	1	2	1	1	0	0	0	0	0	0	0	1	3	4	0	3	0	6	1	0	1	0	1	1
212944	12 Jul 17	09:40:00	1	0	0	0	0	0	1	0	0	0	4	0	0	0	1	1	0	1	2	0	1	1	0	0	0	0	0	1	2	0	2	0	1	1	1	1	0	0	1
212945	12 Jul 17	09:41:00	1	0	0	0	0	0	1	0	0	0	6	0	0	0	11	0	2	1	1	0	1	1	0	0	0	0	0	1	3	0	2	0	2	0	0	1	0	1	0
212946	12 Jul 17	09:42:00	1	0	0	0	0	0	1	0	0	0	3	0	0	0	0	0	1	1	2	0	1	4	0	0	0	0	0	2	2	0	2	0	4	0	1	1	0	1	0
212947	12 Jul 17	09:43:00	1	0	0	0	0	0	1	0	2	0	2	0	0	0	0	0	0	1	0	0	1	3	0	0	1	0	0	1	2	0	0	0	1	0	0	1	0	0	0
212948	12 Jul 17	09:44:00	1	0	0	0	0	0	1	0	0	0	0	0	0	0	0	0	2	1	0	0	0	3	0	0	0	0	0	1	0	0	0	0	0	0	3	0	0	0	0
212949	12 Jul 17	09:45:00	1	0	0	0	0	0	1	0	0	0	0	0	0	0	0	0	0	1	0	0	7	1	0	0	0	0	0	3	2	0	0	0	3	0	0	0	0	0	0
212950	12 Jul 17	09:46:00	1	0	0	0	0	0	1	0	0	0	0	0	0	0	0	0	1	1	0	0	16	0	0	0	0	0	0	1	0	0	0	0	2	0	0	0	0	0	0
212951	12 Jul 17	09:47:00	1	0	0	0	0	0	1	0	0	0	0	0	0	0	0	0	0	2	0	0	0	0	0	0	0	0	0	1	0	0	0	0	0	0	1	1	0	0	0
212952	12 Jul 17	09:48:00	1	0	0	0	0	0	1	0	0	0	0	0	0	0	0	0	0	1	0	0	0	0	0	1	0	0	0	1	0	0	0	0	0	0	0	1	0	0	0
212953	12 Jul 17	09:49:00	1	0	0	0	0	0	1	0	0	0	0	0	0	0	0	0	0	1	0	0	1	0	0	0	0	0	0	2	0	0	0	0	0	0	1	0	0	0	0
212954	12 Jul 17	09:50:00	1	0	0	0	0	0	1	0	0	0	0	0	0	0	0	0	0	0	0	0	0	0	0	0	0	0	0	2	0	0	0	0	1	0	0	0	0	0	0
212955	12 Jul 17	09:51:00	1	0	0	0	0	0	1	0	0	0	0	0	0	0	0	0	1	0	0	0	0	0	0	0	0	0	0	13	0	0	0	0	1	0	1	0	0	0	0
212956	12 Jul 17	09:52:00	1	0	0	0	0	0	1	0	0	0	0	0	0	0	0	0	0	0	0	0	0	0	0	0	0	0	0	0	1	0	0	0	1	0	2	1	1	0	0
212957	12 Jul 17	09:53:00	1	0	0	0	0	0	1	0	0	0	0	0	0	0	0	0	2	0	0	0	0	0	0	0	0	0	0	0	1	0	0	0	1	0	0	0	0	3	0
212958	12 Jul 17	09:54:00	1	0	0	0	0	0	1	0	0	0	0	0	0	0	0	0	2	0	0	0	0	0	0	0	0	0	2	0	0	0	0	0	4	0	1	1	0	1	0
212959	12 Jul 17	09:55:00	1	0	0	0	0	0	1	0	0	0	0	0	0	0	0	0	0	0	0	0	0	0	0	0	0	0	1	0	0	0	0	0	2	0	0	0	0	3	0
212960	12 Jul 17	09:56:00	1	0	0	0	0	0	1	0	0	0	0	0	0	0	0	1	1	0	0	0	0	0	0	0	0	0	1	1	0	0	0	0	0	0	4	1	0	1	0
212961	12 Jul 17	09:57:00	1	0	0	0	0	0	1	0	0	0	0	0	0	0	0	1	6	0	0	0	0	0	0	0	0	0	0	1	2	0	0	0	0	0	0	0	0	0	0
212962	12 Jul 17	09:58:00	1	0	0	0	0	0	1	2	0	0	0	0	0	0	0	1	6	0	0	0	0	0	0	0	0	0	0	1	1	0	0	0	1	0	1	0	0	0	0
212963	12 Jul 17	09:59:00	1	0	0	0	0	0	1	1	0	0	0	0	0	0	0	3	1	0	0	0	0	0	0	0	0	0	0	0	0	0	0	0	0	0	0	0	0	0	0
212964	12 Jul 17	10:00:00	1	0	0	0	0	0	1	0	0	0	0	0	0	0	0	0	0	0	0	0	0	0	0	0	0	0	0	0	0	1	0	0	0	0	0	2	0	0	0
212965	12 Jul 17	10:01:00	1	0	0	0	0	0	1	1	0	0	0	0	0	0	0	0	1	0	0	0	0	0	0	0	0	0	0	0	0	1	0	0	0	0	0	1	0	0	0
212966	12 Jul 17	10:02:00	1	0	0	0	0	0	1	0	0	0	0	0	0	0	0	0	1	0	0	0	0	0	0	0	0	0	0	0	0	0	0	0	0	0	0	3	0	0	0
212967	12 Jul 17	10:03:00	1	0	0	0	0	0	1	1	0	0	0	0	0	0	0	0	2	0	1	0	0	0	0	0	0	0	0	0	0	0	0	0	0	2	0	1	0	0	0
212968	12 Jul 17	10:04:00	1	0	0	0	0	0	1	0	0	0	0	0	0	0	0	0	1	0	0	0	0	0	0	0	0	0	0	0	0	0	0	0	2	0	0	2	0	0	0
212969	12 Jul 17	10:05:00	1	0	0	0	0	0	1	4	0	0	0	0	0	0	0	0	1	0	0	0	0	0	0	0	0	0	0	0	0	0	0	0	0	0	0	2	0	0	0
212970	12 Jul 17	10:06:00	1	0	0	0	0	0	1	0	0	0	0	0	0	0	0	0	0	0	0	0	0	0	0	0	0	0	0	0	0	0	0	0	0	0	0	1	0	0	0
212971	12 Jul 17	10:07:00	1	0	0	0	0	0	1	0	0	0	0	0	0	0	0	0	0	0	0	0	0	0	0	0	0	0	0	0	0	0	0	0	0	0	0	1	0	0	0
212972	12 Jul 17	10:08:00	1	0	0	0	0	0	1	0	0	0	0	0	0	0	0	0	4	0	0	0	0	0	0	0	0	0	0	0	0	0	0	0	0	0	0	0	0	0	0
212973	12 Jul 17	10:09:00	1	0	0	0	0	0	1	0	0	0	0	0	0	0	0	0	0	0	0	0	0	0	0	0	0	0	0	0	0	0	0	0	0	0	0	0	0	0	0
212974	12 Jul 17	10:10:00	1	0	0	0	0	0	1	0	0	0	0	0	0	0	0	0	1	0	0	0	0	0	0	0	0	0	0	0	1	0	0	1	0	0	0	0	0	0	0
212975	12 Jul 17	10:11:00	1	0	0	0	0	0	1	0	0	0	0	0	0	0	0	0	1	0	0	0	0	0	0	0	0	0	1	0	0	0	0	0	0	0	0	0	0	0	0
212976	12 Jul 17	10:12:00	1	0	0	0	0	0	1	0	0	0	0	0	0	0	0	0	3	0	0	0	0	0	0	0	0	0	0	0	1	1	0	0	1	0	0	0	0	0	0
212977	12 Jul 17	10:13:00	1	0	0	0	0	0	1	0	0	0	0	0	0	0	0	0	3	0	0	0	0	0	0	0	0	0	0	0	2	1	0	0	1	0	0	2	0	0	0
212978	12 Jul 17	10:14:00	1	0	0	0	0	0	1	0	0	0	0	0	0	0	0	0	1	0	0	0	0	1	0	0	0	0	0	0	3	0	0	0	1	0	0	0	0	0	0
212979	12 Jul 17	10:15:00	1	0	0	0	0	0	1	0	0	0	0	0	0	0	0	0	2	1	0	0	0	3	0	0	0	0	0	0	1	0	0	0	0	0	0	0	0	0	0
212980	12 Jul 17	10:16:00	1	0	0	0	0	0	1	3	0	0	0	0	0	0	0	0	1	1	0	0	0	4	0	0	0	0	0	0	1	0	0	0	0	0	0	0	0	0	0
212981	12 Jul 17	10:17:00	1	0	0	0	0	0	1	0	0	2	0	0	0	0	0	0	1	1	0	0	0	2	0	0	0	0	0	0	0	0	0	0	2	0	0	0	0	0	0
212982	12 Jul 17	10:18:00	1	0	0	0	0	0	1	0	0	0	0	0	0	0	0	0	0	1	0	0	0	2	0	0	0	0	0	0	2	0	0	0	1	0	0	0	0	0	0
212983	12 Jul 17	10:19:00	1	0	0	0	0	0	1	2	0	0	1	0	0	0	0	0	0	1	0	0	0	4	0	0	0	0	0	0	1	0	0	0	2	0	0	0	0	0	0
212984	12 Jul 17	10:20:00	1	0	0	0	0	0	1	1	1	0	1	0	0	0	1	5	1	1	0	0	1	2	0	2	0	0	0	0	3	1	1	0	3	1	0	0	0	0	0
212985	12 Jul 17	10:21:00	1	0	0	0	0	0	1	2	3	0	4	0	3	0	2	2	2	1	0	0	0	5	0	3	1	0	1	1	2	2	2	1	2	3	0	3	0	0	2
212986	12 Jul 17	10:22:00	1	0	0	0	0	0	1	3	1	0	4	0	1	0	3	1	1	1	0	0	0	5	0	4	2	1	4	1	2	2	3	3	3	3	0	2	2	0	4
212987	12 Jul 17	10:23:00	1	0	0	0	0	0	1	3	2	0	3	0	2	0	2	1	1	2	0	1	0	4	0	4	1	1	1	1	2	2	0	0	2	1	0	1	0	0	3
212988	12 Jul 17	10:24:00	1	0	0	0	0	0	1	2	2	0	2	0	2	0	2	1	0	1	0	0	0	4	0	4	3	0	1	1	0	3	0	0	3	2	0	0	0	0	1
212989	12 Jul 17	10:25:00	1	0	0	0	0	0	1	3	2	0	2	0	0	0	1	0	0	2	0	0	0	2	0	4	2	0	1	1	2	0	0	0	0	2	0	0	0	0	3
212990	12 Jul 17	10:26:00	1	0	0	0	0	0	1	2	1	0	4	0	0	0	2	0	0	1	0	0	0	2	0	3	2	0	1	4	3	2	0	0	1	0	0	0	0	0	0
212991	12 Jul 17	10:27:00	1	0	0	0	0	0	1	2	1	0	2	0	0	0	2	1	0	0	0	0	0	0	0	2	2	0	1	0	0	4	0	0	3	1	0	0	0	0	0
212992	12 Jul 17	10:28:00	1	0	0	0	0	0	1	3	1	0	3	0	0	0	6	0	0	1	0	0	0	0	0	3	0	0	2	0	0	2	0	0	2	3	0	2	0	0	0
212993	12 Jul 17	10:29:00	1	0	0	0	0	0	1	5	0	0	3	0	0	0	0	0	1	0	0	0	0	0	0	3	1	0	1	0	2	2	1	0	0	0	0	1	0	0	0
212994	12 Jul 17	10:30:00	1	0	0	0	0	0	1	3	0	0	4	0	0	0	0	0	0	0	0	0	0	0	0	3	1	0	3	0	1	1	0	0	1	1	0	1	0	0	1
212995	12 Jul 17	10:31:00	1	0	0	0	0	0	1	1	0	0	2	0	0	0	0	0	1	0	0	0	0	0	0	0	1	0	2	0	0	3	0	0	2	1	0	0	0	0	0
212996	12 Jul 17	10:32:00	1	0	0	0	0	0	1	2	0	0	1	0	0	1	0	0	3	0	0	0	0	0	0	0	2	0	0	0	1	2	0	0	0	2	0	0	0	0	1
212997	12 Jul 17	10:33:00	1	0	0	0	0	0	1	4	0	0	2	0	0	0	0	0	1	0	0	0	0	0	0	0	0	0	2	0	0	3	0	0	0	2	0	0	0	0	0
212998	12 Jul 17	10:34:00	1	0	0	0	0	0	1	1	0	0	1	0	0	0	0	0	1	0	0	0	0	0	0	0	0	0	0	0	0	2	0	0	0	1	0	0	0	0	0
212999	12 Jul 17	10:35:00	1	0	0	0	0	0	1	0	0	0	1	0	0	0	0	0	3	0	0	0	0	0	0	0	0	0	0	0	0	2	0	0	0	0	0	0	0	0	0
213000	12 Jul 17	10:36:00	1	0	0	0	0	0	1	0	0	0	1	0	0	0	0	0	1	0	0	0	0	0	0	0	0	0	0	0	0	3	0	0	0	0	0	0	0	0	0
213001	12 Jul 17	10:37:00	1	0	0	0	0	0	1	0	0	0	1	0	0	0	0	0	3	0	0	0	0	0	0	0	0	0	0	0	0	2	0	0	0	0	0	0	0	0	0
213002	12 Jul 17	10:38:00	1	0	0	0	0	0	1	1	0	0	0	0	0	0	0	0	1	0	0	0	0	0	0	0	0	0	0	0	1	3	0	0	0	0	0	0	0	0	0
213003	12 Jul 17	10:39:00	1	0	0	0	0	0	1	2	0	0	0	0	0	0	0	0	0	0	0	0	0	0	0	0	0	0	0	0	0	2	0	0	0	0	0	0	0	0	0
213004	12 Jul 17	10:40:00	1	0	0	0	0	0	1	0	0	0	0	0	0	0	0	0	1	0	0	0	0	0	0	0	0	0	0	0	0	1	0	0	0	0	0	0	0	0	0
213005	12 Jul 17	10:41:00	1	0	0	0	0	0	1	0	0	0	0	0	0	0	0	0	1	0	0	0	0	0	0	0	0	0	0	0	0	0	0	0	0	0	0	0	0	0	0
213006	12 Jul 17	10:42:00	1	0	0	0	0	0	1	0	0	0	0	0	0	0	0	0	1	0	0	0	0	0	0	0	0	0	0	0	0	0	0	0	0	0	0	0	0	0	0
213007	12 Jul 17	10:43:00	1	0	0	0	0	0	1	0	0	0	0	0	0	0	0	0	0	0	0	0	0	1	0	0	0	0	3	0	0	0	0	0	0	0	0	0	0	0	0
213008	12 Jul 17	10:44:00	1	0	0	0	0	0	1	0	0	0	0	0	0	0	0	0	1	0	0	0	0	2	0	0	0	0	1	0	0	0	0	0	0	0	0	0	0	0	0
213009	12 Jul 17	10:45:00	1	0	0	0	0	0	1	0	0	0	0	0	0	0	0	0	0	0	0	0	0	1	0	0	0	0	2	0	0	0	0	0	0	0	0	0	0	0	0
213010	12 Jul 17	10:46:00	1	0	0	0	0	0	1	0	0	0	0	0	0	0	0	0	0	0	0	0	0	4	0	0	0	0	1	0	0	0	0	0	0	0	0	0	0	0	0
213011	12 Jul 17	10:47:00	1	0	0	0	0	0	1	0	0	0	0	0	0	0	0	0	0	0	0	0	0	2	0	0	0	0	2	0	0	0	0	0	0	0	0	0	0	0	0
213012	12 Jul 17	10:48:00	1	0	0	0	0	0	1	0	0	0	0	0	0	0	0	0	0	0	0	0	0	1	0	0	0	0	0	0	0	0	0	0	0	0	0	0	0	0	0
213013	12 Jul 17	10:49:00	1	0	0	0	0	0	1	0	0	0	0	0	0	0	0	0	0	1	0	0	0	0	0	0	0	0	1	0	0	0	0	0	0	0	0	0	0	0	0
213014	12 Jul 17	10:50:00	1	0	0	0	0	0	1	0	0	0	0	0	0	0	0	0	0	2	0	0	0	0	0	0	0	0	0	0	0	0	0	0	0	0	0	0	0	0	0
213015	12 Jul 17	10:51:00	1	0	0	0	0	0	1	0	0	0	0	0	0	0	0	0	0	0	0	0	1	0	0	0	0	0	0	0	0	0	0	0	0	0	0	0	0	0	0
213016	12 Jul 17	10:52:00	1	0	0	0	0	0	1	0	0	0	0	0	0	0	0	0	0	0	0	0	0	0	0	0	0	0	0	0	0	0	0	0	0	0	0	0	0	0	0
213017	12 Jul 17	10:53:00	1	0	0	0	0	0	1	0	0	0	0	0	0	0	0	0	1	0	0	0	0	0	0	0	0	0	0	0	0	0	0	0	0	0	0	0	0	0	0
213018	12 Jul 17	10:54:00	1	0	0	0	0	0	1	0	0	0	0	0	0	0	0	0	1	1	0	0	0	0	0	0	0	0	0	0	0	0	0	0	0	0	0	0	0	0	0
213019	12 Jul 17	10:55:00	1	0	0	0	0	0	1	0	0	0	0	0	0	0	0	0	0	1	0	0	0	0	0	0	0	0	0	0	1	0	0	0	0	0	0	1	0	0	0
213020	12 Jul 17	10:56:00	1	0	0	0	0	0	1	0	0	0	0	0	0	0	0	0	2	1	0	0	0	0	0	0	0	0	0	0	1	0	0	0	0	0	0	0	0	0	0
213021	12 Jul 17	10:57:00	1	0	0	0	0	0	1	0	0	0	0	0	0	0	0	0	0	0	0	0	0	0	0	0	0	0	0	0	0	0	0	0	0	0	0	0	0	0	0
213022	12 Jul 17	10:58:00	1	0	0	0	0	0	1	0	0	0	0	0	0	0	0	0	3	0	0	0	0	0	0	0	0	0	0	0	1	0	0	0	0	0	0	0	0	0	0
213023	12 Jul 17	10:59:00	1	0	0	0	0	0	1	0	0	0	0	0	0	0	0	0	0	1	0	0	0	0	0	0	0	0	0	0	1	0	0	0	0	0	0	0	0	0	0
213024	12 Jul 17	11:00:00	1	0	0	0	0	0	1	0	0	0	0	0	0	0	0	0	0	0	0	0	0	0	0	0	0	0	0	0	0	0	0	0	0	0	0	0	0	0	0
213025	12 Jul 17	11:01:00	1	0	0	0	0	0	1	0	0	0	0	0	0	0	0	0	0	1	0	0	0	0	0	0	0	0	0	0	0	0	0	0	2	0	0	0	0	0	0
213026	12 Jul 17	11:02:00	1	0	0	0	0	0	1	0	0	0	0	0	0	0	0	0	0	1	0	0	0	0	0	0	0	0	0	0	0	0	0	0	0	0	1	0	0	0	0
213027	12 Jul 17	11:03:00	1	0	0	0	0	0	1	0	0	0	0	0	0	0	0	0	0	0	0	0	0	0	0	0	0	0	0	0	0	0	0	0	0	0	1	0	0	0	0
213028	12 Jul 17	11:04:00	1	0	0	0	0	0	1	0	0	0	0	0	0	0	0	0	0	0	0	0	0	0	0	0	0	0	0	0	0	0	0	0	0	0	1	0	0	0	0
213029	12 Jul 17	11:05:00	1	0	0	0	0	0	1	0	0	0	0	0	1	0	0	0	0	0	0	0	0	0	0	0	0	0	0	0	0	2	0	0	0	0	0	0	0	0	0
213030	12 Jul 17	11:06:00	1	0	0	0	0	0	1	0	0	0	1	0	0	0	0	0	0	0	0	0	0	0	0	0	0	0	0	0	1	0	0	0	2	0	0	0	0	0	0
213031	12 Jul 17	11:07:00	1	0	0	0	0	0	1	0	0	0	0	0	0	0	0	0	4	0	0	0	0	0	0	0	0	0	0	0	1	0	0	0	0	0	0	0	0	0	0
213032	12 Jul 17	11:08:00	1	0	0	0	0	0	1	0	0	0	0	0	0	0	0	0	0	2	0	0	0	0	0	0	0	0	0	1	2	0	0	0	1	0	0	0	0	0	0
213033	12 Jul 17	11:09:00	1	0	0	0	0	0	1	2	0	0	0	0	0	0	0	0	2	1	0	0	0	0	0	0	0	0	0	0	0	0	0	0	0	0	0	0	0	0	0
213034	12 Jul 17	11:10:00	1	0	0	0	0	0	1	2	0	0	0	0	0	0	0	0	0	0	0	0	0	2	0	0	0	0	1	0	0	0	0	0	0	0	0	0	0	0	0
213035	12 Jul 17	11:11:00	1	0	0	0	0	0	1	2	0	0	0	0	0	0	0	0	0	2	0	0	0	2	0	0	0	0	0	1	0	0	0	0	2	0	0	0	0	0	0
213036	12 Jul 17	11:12:00	1	0	0	0	0	0	1	0	0	0	0	0	0	0	0	0	0	0	0	0	0	2	0	0	0	0	1	1	0	0	0	0	2	0	0	0	0	0	0
213037	12 Jul 17	11:13:00	1	0	0	0	0	0	1	0	0	0	0	0	0	0	0	0	1	0	0	0	0	0	0	0	0	0	0	0	0	0	0	0	2	0	0	0	0	0	0
213038	12 Jul 17	11:14:00	1	0	0	0	0	0	1	0	0	0	0	0	0	0	0	0	1	2	0	0	0	3	0	0	0	0	0	1	1	0	0	0	1	0	0	0	0	0	0
213039	12 Jul 17	11:15:00	1	0	0	0	0	0	1	0	0	0	0	0	0	0	0	0	1	1	0	0	0	5	0	0	0	0	0	1	2	0	0	0	0	0	0	0	0	0	0
213040	12 Jul 17	11:16:00	1	0	0	0	0	0	1	0	0	0	0	0	0	0	0	0	2	1	0	0	0	4	0	0	0	0	0	2	1	0	0	0	0	0	0	0	0	0	0
213041	12 Jul 17	11:17:00	1	0	0	0	0	0	1	0	0	0	0	0	0	0	0	0	0	2	0	0	0	4	0	0	0	0	0	1	2	0	0	0	1	0	0	0	0	0	0
213042	12 Jul 17	11:18:00	1	0	0	0	0	0	1	0	0	0	0	0	0	0	0	0	1	1	0	0	0	2	0	0	0	0	0	1	1	0	0	0	0	0	0	0	0	0	0
213043	12 Jul 17	11:19:00	1	0	0	0	0	0	1	0	0	0	0	0	0	0	0	0	0	0	0	0	0	4	0	0	1	0	0	1	0	0	0	1	0	0	0	0	0	0	0
213044	12 Jul 17	11:20:00	1	0	0	0	0	0	1	0	0	0	0	0	0	0	0	0	0	0	0	0	0	1	0	0	0	0	0	1	0	0	0	0	0	0	0	0	0	0	0
213045	12 Jul 17	11:21:00	1	0	0	0	0	0	1	0	0	0	0	0	0	0	0	0	0	0	0	0	0	0	0	0	0	0	0	0	0	0	0	0	0	0	0	0	0	0	0
213046	12 Jul 17	11:22:00	1	0	0	0	0	0	1	0	0	0	0	0	0	0	0	0	0	0	0	0	0	3	0	0	0	0	0	2	0	0	0	0	0	0	0	0	0	0	0
213047	12 Jul 17	11:23:00	1	0	0	0	0	0	1	0	0	0	0	0	0	0	0	0	0	0	0	0	0	3	0	0	0	0	0	0	0	0	0	0	0	0	0	0	0	0	0
213048	12 Jul 17	11:24:00	1	0	0	0	0	0	1	0	0	0	0	0	0	0	0	0	0	0	0	0	0	1	0	0	0	0	0	0	0	0	0	0	0	0	0	0	0	0	0
213049	12 Jul 17	11:25:00	1	0	0	0	0	0	1	0	0	0	0	0	0	0	0	0	0	0	0	0	0	0	0	0	0	0	0	7	0	0	0	0	2	0	0	0	0	0	0
213050	12 Jul 17	11:26:00	1	0	0	0	0	0	1	0	0	0	0	0	0	0	0	2	0	0	0	0	0	2	0	0	0	0	0	0	0	0	0	0	0	0	0	0	0	0	0
213051	12 Jul 17	11:27:00	1	0	0	0	0	0	1	0	0	1	0	0	0	0	0	0	0	0	0	0	0	1	0	0	0	0	0	0	0	0	0	0	2	0	0	0	0	0	0
213052	12 Jul 17	11:28:00	1	0	0	0	0	0	1	0	0	0	0	0	0	0	0	0	0	0	0	0	0	3	0	0	0	0	3	0	0	0	0	0	1	0	0	0	0	0	0
213053	12 Jul 17	11:29:00	1	0	0	0	0	0	1	0	0	0	0	0	0	0	0	1	0	0	0	0	0	2	0	0	0	0	0	0	0	0	0	0	1	0	0	0	0	0	0
213054	12 Jul 17	11:30:00	1	0	0	0	0	0	1	0	0	1	0	0	0	0	0	0	0	0	0	0	0	2	0	0	0	0	3	0	0	0	0	0	2	0	0	0	0	0	0
213055	12 Jul 17	11:31:00	1	0	0	0	0	0	1	0	0	0	0	0	0	0	0	0	0	0	0	0	0	0	0	0	0	0	2	0	0	0	0	0	1	0	0	0	0	0	0
213056	12 Jul 17	11:32:00	1	0	0	0	0	0	1	0	0	0	0	0	0	0	0	0	0	0	0	0	0	0	0	0	0	0	2	0	0	0	0	0	0	0	0	0	2	0	0
213057	12 Jul 17	11:33:00	1	0	0	0	0	0	1	0	0	0	0	0	0	0	0	0	0	0	0	0	0	0	0	0	0	0	2	0	0	0	0	0	0	0	0	0	0	0	0
213058	12 Jul 17	11:34:00	1	0	0	0	0	0	1	0	0	0	0	0	0	0	0	0	0	0	0	0	0	0	0	0	0	0	2	0	0	1	0	0	1	0	0	0	0	0	0
213059	12 Jul 17	11:35:00	1	0	0	0	0	0	1	0	0	0	0	0	0	0	1	0	0	0	0	0	0	0	0	0	0	0	1	0	0	1	0	0	0	0	0	0	0	0	0
213060	12 Jul 17	11:36:00	1	0	0	0	0	0	1	0	0	0	0	0	0	0	0	0	0	0	0	0	0	0	0	0	0	0	2	0	0	1	0	0	0	0	0	0	0	0	0
213061	12 Jul 17	11:37:00	1	0	0	0	0	0	1	0	0	0	0	0	0	0	0	0	0	0	0	0	0	0	0	0	0	0	1	0	0	0	0	0	0	0	0	0	0	0	0
213062	12 Jul 17	11:38:00	1	0	0	0	0	0	1	0	0	0	0	0	0	0	0	0	1	0	0	0	0	0	0	0	0	0	2	0	0	0	0	0	0	0	0	0	0	0	0
213063	12 Jul 17	11:39:00	1	0	0	0	0	0	1	0	0	0	0	0	0	0	0	0	1	0	0	0	0	0	0	0	0	0	2	0	0	0	0	0	0	0	0	0	0	0	0
213064	12 Jul 17	11:40:00	1	0	0	0	0	0	1	0	0	0	0	0	0	0	0	0	2	0	0	0	0	0	0	0	0	0	0	0	0	0	0	0	0	0	0	0	0	0	0
213065	12 Jul 17	11:41:00	1	0	0	0	0	0	1	0	0	0	0	0	0	0	0	0	1	0	0	0	0	0	0	0	0	0	0	0	0	0	0	0	0	0	0	0	0	0	0
213066	12 Jul 17	11:42:00	1	0	0	0	0	0	1	0	0	0	0	0	0	0	0	0	1	0	0	0	0	0	0	0	0	0	0	0	0	0	0	0	0	1	0	0	0	0	0
213067	12 Jul 17	11:43:00	1	0	0	0	0	0	1	0	0	0	0	0	0	0	0	0	0	0	0	0	0	0	0	0	0	0	0	0	0	0	0	0	1	0	0	0	0	0	0
213068	12 Jul 17	11:44:00	1	0	0	0	0	0	1	0	0	0	0	0	0	0	0	0	0	0	0	0	0	0	0	0	0	0	0	0	0	0	0	0	1	0	0	0	0	0	0
213069	12 Jul 17	11:45:00	1	0	0	0	0	0	1	0	0	0	0	0	0	0	0	0	0	0	0	0	0	0	0	0	0	0	0	0	0	0	0	0	2	0	0	0	0	0	0
213070	12 Jul 17	11:46:00	1	0	0	0	0	0	1	0	0	0	0	0	0	0	0	0	0	0	0	0	0	0	0	0	0	0	1	0	0	0	0	0	2	0	1	0	0	0	0
213071	12 Jul 17	11:47:00	1	0	0	0	0	0	1	0	0	0	0	0	0	0	0	0	0	0	0	0	0	0	0	0	0	0	2	0	0	0	0	0	1	0	3	0	0	0	0
213072	12 Jul 17	11:48:00	1	0	0	0	0	0	1	0	0	0	0	0	0	0	0	0	0	0	0	0	0	0	0	0	0	0	0	0	1	0	0	0	1	0	0	0	0	0	0
213073	12 Jul 17	11:49:00	1	0	0	0	0	0	1	0	0	0	1	0	0	0	0	0	0	0	0	0	0	2	0	0	0	0	1	0	0	0	0	0	0	0	0	0	0	0	0
213074	12 Jul 17	11:50:00	1	0	0	0	0	0	1	0	0	0	0	0	0	0	0	0	0	0	0	0	0	0	0	1	0	0	0	0	0	0	0	0	0	0	0	0	0	0	0
213075	12 Jul 17	11:51:00	1	0	0	0	0	0	1	0	0	0	0	0	0	0	0	0	0	0	0	0	0	0	0	0	0	0	0	0	0	0	0	0	0	0	0	0	0	0	0
213076	12 Jul 17	11:52:00	1	0	0	0	0	0	1	0	0	0	0	0	0	0	0	0	0	0	0	0	0	0	0	0	0	0	0	0	1	0	0	0	2	0	0	0	0	0	1
213077	12 Jul 17	11:53:00	1	0	0	0	0	0	1	2	0	0	0	0	0	0	1	0	1	0	0	0	0	0	0	0	0	0	0	0	2	0	0	0	2	0	0	0	1	0	2
213078	12 Jul 17	11:54:00	1	0	0	0	0	0	1	0	0	0	0	0	0	0	2	0	1	1	0	0	0	0	0	0	0	0	0	0	1	0	0	0	1	0	4	0	0	0	2
213079	12 Jul 17	11:55:00	1	0	0	0	0	0	1	3	0	0	0	0	0	0	2	0	2	1	0	0	0	0	0	0	0	0	0	0	2	0	0	0	0	0	0	0	0	0	3
213080	12 Jul 17	11:56:00	1	0	0	0	0	0	1	4	0	0	0	0	0	0	1	0	3	1	0	0	0	0	0	0	0	0	1	3	3	1	0	0	2	0	2	0	0	0	2
213081	12 Jul 17	11:57:00	1	0	0	0	0	0	1	0	0	0	0	0	0	0	2	0	1	1	0	0	0	0	0	0	0	0	1	0	3	1	0	0	0	0	0	0	0	0	1
213082	12 Jul 17	11:58:00	1	0	0	0	0	0	1	1	0	0	0	0	0	0	1	0	1	1	0	0	0	2	0	0	0	0	1	0	1	0	0	0	0	0	0	0	0	0	2
213083	12 Jul 17	11:59:00	1	0	0	0	0	0	1	1	0	0	0	0	0	0	2	0	1	1	0	0	2	0	0	0	0	0	2	0	3	0	0	0	0	0	0	0	0	0	1
213084	12 Jul 17	12:00:00	1	0	0	0	0	0	1	1	0	0	0	0	0	0	0	0	0	4	0	0	0	1	0	0	0	0	1	0	2	0	0	0	1	0	0	0	0	0	0
213085	12 Jul 17	12:01:00	1	0	0	0	0	0	1	2	0	0	0	0	0	0	0	0	2	2	0	0	0	0	0	0	0	0	2	0	1	0	0	0	1	1	0	0	0	0	0
213086	12 Jul 17	12:02:00	1	0	0	0	0	0	1	1	0	1	0	0	0	0	0	0	1	0	0	0	1	2	0	0	0	0	3	1	1	0	0	0	2	2	0	0	0	0	1
213087	12 Jul 17	12:03:00	1	0	0	0	0	0	1	1	0	1	0	0	0	0	0	0	2	0	0	0	0	3	0	0	0	0	3	1	0	0	0	0	2	1	2	0	0	0	1
213088	12 Jul 17	12:04:00	1	0	0	0	0	0	1	0	0	0	0	0	0	0	0	0	1	0	0	0	0	1	0	0	0	0	1	1	1	0	0	0	2	1	0	0	0	0	2
213089	12 Jul 17	12:05:00	1	0	0	0	0	0	1	0	0	0	0	0	0	0	0	0	2	0	0	0	0	0	0	0	0	0	1	2	2	0	0	0	1	2	3	0	0	0	3
213090	12 Jul 17	12:06:00	1	0	0	0	0	0	1	0	0	0	0	0	0	0	0	0	0	0	0	0	0	0	0	0	2	0	2	0	2	0	0	0	1	0	0	0	1	0	0
213091	12 Jul 17	12:07:00	1	0	0	0	0	0	1	0	0	0	0	0	0	0	0	0	1	0	0	0	0	0	0	0	1	0	2	0	0	0	0	0	0	2	0	0	2	0	1
213092	12 Jul 17	12:08:00	1	0	0	0	0	0	1	0	0	0	1	0	0	0	1	0	1	0	0	0	0	2	0	0	1	0	2	0	0	0	0	0	0	1	4	0	1	0	0
213093	12 Jul 17	12:09:00	1	0	0	0	0	0	1	2	1	0	1	0	0	0	2	0	1	0	0	0	1	4	0	0	1	0	2	0	4	0	0	1	1	2	2	0	2	0	1
213094	12 Jul 17	12:10:00	1	0	0	0	0	0	1	2	1	0	0	0	0	0	2	0	0	0	0	2	1	4	0	0	3	0	2	0	2	0	0	0	1	3	0	0	1	0	0
213095	12 Jul 17	12:11:00	1	0	0	0	0	0	1	3	0	0	0	0	0	0	3	0	0	0	0	0	1	1	0	0	1	0	1	0	2	0	0	1	1	1	0	0	1	0	0
213096	12 Jul 17	12:12:00	1	0	0	0	0	0	1	1	0	0	1	0	0	0	1	0	0	0	0	0	4	2	0	0	1	0	2	0	1	0	0	0	0	1	0	0	0	0	0
213097	12 Jul 17	12:13:00	1	0	0	0	0	0	1	4	0	0	3	0	0	0	1	0	0	0	0	0	2	3	0	0	2	0	2	0	1	0	0	1	1	1	0	0	1	0	2
213098	12 Jul 17	12:14:00	1	0	0	0	0	0	1	4	0	0	3	0	0	0	0	0	0	0	0	2	0	3	0	0	1	0	2	0	2	1	0	0	2	2	0	1	0	0	2
213099	12 Jul 17	12:15:00	1	0	0	0	0	0	1	32	0	0	4	0	0	0	0	0	0	0	0	0	0	2	0	0	1	0	2	0	1	1	0	0	3	1	0	0	1	0	2
213100	12 Jul 17	12:16:00	1	0	0	0	0	0	1	7	0	0	4	0	0	0	1	0	2	1	0	0	0	3	0	0	1	0	2	0	3	0	0	0	2	2	1	0	2	0	3
213101	12 Jul 17	12:17:00	1	0	0	0	0	0	1	0	0	0	1	0	0	0	1	0	2	1	0	0	0	3	0	0	1	0	1	0	1	0	0	0	4	2	0	0	1	0	1
213102	12 Jul 17	12:18:00	1	0	0	0	0	0	1	0	0	0	4	0	0	0	4	0	0	1	0	0	0	2	0	0	1	0	1	0	1	2	0	0	2	2	2	0	0	0	3
213103	12 Jul 17	12:19:00	1	0	0	0	0	0	1	0	0	0	4	0	0	0	1	0	0	1	0	0	0	3	0	1	0	0	2	0	2	2	0	0	2	2	0	0	3	0	3
213104	12 Jul 17	12:20:00	1	0	0	0	0	0	1	0	0	0	0	0	0	0	0	0	0	2	0	0	0	3	0	0	0	0	1	0	1	2	0	0	2	3	1	0	3	0	3
213105	12 Jul 17	12:21:00	1	0	0	0	0	0	1	0	0	0	0	0	0	0	0	0	0	0	0	0	0	0	0	0	0	0	0	0	0	1	0	0	2	2	0	0	2	0	2
213106	12 Jul 17	12:22:00	1	0	0	0	0	0	1	0	0	0	0	0	0	0	0	0	0	0	0	0	0	0	0	0	0	0	0	0	0	0	0	0	0	1	0	0	3	0	0
213107	12 Jul 17	12:23:00	1	0	0	0	0	0	1	0	0	0	0	0	0	0	1	0	0	0	0	0	0	0	0	0	0	0	0	0	0	0	0	0	0	0	0	0	2	0	2
213108	12 Jul 17	12:24:00	1	0	0	0	0	0	1	0	0	0	0	0	0	0	11	0	1	0	0	0	0	0	0	0	0	0	0	0	0	0	0	0	0	0	0	0	2	0	1
213109	12 Jul 17	12:25:00	1	0	0	0	0	0	1	0	0	0	0	0	0	0	3	0	0	0	0	0	0	0	0	0	0	0	0	0	0	0	0	0	1	0	0	0	2	0	0
213110	12 Jul 17	12:26:00	1	0	0	0	0	0	1	0	0	0	0	0	0	0	1	0	3	0	0	0	0	0	0	0	0	0	0	0	0	0	0	0	0	0	1	0	2	0	0
213111	12 Jul 17	12:27:00	1	0	0	0	0	0	1	0	0	0	0	0	0	0	0	0	2	0	0	0	0	0	0	0	0	0	0	0	0	0	0	0	0	0	0	1	0	0	0
213112	12 Jul 17	12:28:00	1	0	0	0	0	0	1	0	0	0	0	0	0	0	0	0	2	0	0	0	0	0	0	0	0	0	0	0	0	0	0	0	0	0	0	0	0	0	0
213113	12 Jul 17	12:29:00	1	0	0	0	0	0	1	0	0	0	0	0	0	0	0	0	0	0	0	0	0	0	0	1	0	0	0	0	0	0	0	0	0	0	0	0	0	0	0
213114	12 Jul 17	12:30:00	1	0	0	0	0	0	1	0	0	0	0	0	0	0	0	0	0	0	0	0	0	0	0	0	0	0	0	0	1	0	0	0	0	0	0	0	0	0	0
213115	12 Jul 17	12:31:00	1	0	0	0	0	0	1	0	0	0	0	0	0	0	0	0	2	0	0	0	0	0	0	0	0	0	0	0	1	0	0	0	0	0	0	0	0	0	0
213116	12 Jul 17	12:32:00	1	0	0	0	0	0	1	0	0	0	0	0	0	0	0	0	0	0	0	0	0	0	0	0	0	0	0	0	0	0	0	0	0	0	0	0	0	0	0
213117	12 Jul 17	12:33:00	1	0	0	0	0	0	1	0	0	0	0	0	0	0	0	0	0	0	0	0	0	0	0	0	0	0	0	0	0	0	0	0	0	0	0	0	0	0	0
213118	12 Jul 17	12:34:00	1	0	0	0	0	0	1	0	0	0	0	0	0	0	0	0	0	0	0	0	0	0	0	0	0	0	0	0	0	0	0	0	0	0	0	0	0	0	0
213119	12 Jul 17	12:35:00	1	0	0	0	0	0	1	0	0	0	0	0	0	0	0	0	0	0	0	0	0	0	0	0	0	0	0	0	0	0	0	0	0	0	0	0	0	0	0
213120	12 Jul 17	12:36:00	1	0	0	0	0	0	1	1	0	0	0	0	0	0	0	0	0	0	0	0	0	0	0	0	0	0	0	0	0	0	0	0	0	0	0	0	0	0	0
213121	12 Jul 17	12:37:00	1	0	0	0	0	0	1	0	0	0	0	0	0	0	0	0	0	0	0	0	0	0	0	0	0	0	0	0	0	0	0	0	0	0	0	0	0	0	0
213122	12 Jul 17	12:38:00	1	0	0	0	0	0	1	0	0	0	0	0	0	0	0	0	0	0	0	0	0	0	0	0	0	0	0	0	0	0	0	0	0	0	0	0	0	0	0
213123	12 Jul 17	12:39:00	1	0	0	0	0	0	1	0	0	0	0	0	0	0	0	0	0	0	0	0	0	0	0	0	0	0	0	0	0	0	0	0	0	0	0	0	0	0	0
213124	12 Jul 17	12:40:00	1	0	0	0	0	0	1	0	0	0	0	0	0	0	0	0	0	0	0	0	0	0	0	0	0	0	0	0	0	0	0	0	0	0	0	0	0	0	0
213125	12 Jul 17	12:41:00	1	0	0	0	0	0	1	0	0	0	0	0	0	0	0	0	6	0	0	0	0	0	0	0	0	0	0	0	0	0	0	0	0	0	0	0	0	0	0
213126	12 Jul 17	12:42:00	1	0	0	0	0	0	1	0	0	0	0	0	0	0	0	0	0	0	0	0	0	0	0	0	0	0	0	0	0	0	0	0	0	0	0	0	0	0	0
213127	12 Jul 17	12:43:00	1	0	0	0	0	0	1	0	0	0	0	0	0	0	0	0	1	0	0	0	0	0	0	0	0	0	0	0	0	0	0	0	0	0	0	0	0	0	0
213128	12 Jul 17	12:44:00	1	0	0	0	0	0	1	0	0	0	0	0	0	0	0	0	1	0	0	0	0	0	0	0	0	0	0	1	1	0	0	0	0	0	0	0	0	0	0
213129	12 Jul 17	12:45:00	1	0	0	0	0	0	1	0	0	0	0	0	0	0	0	0	2	0	0	0	0	0	0	0	0	0	0	0	0	0	0	0	0	0	0	0	0	0	0
213130	12 Jul 17	12:46:00	1	0	0	0	0	0	1	0	0	0	0	0	0	0	1	0	1	0	0	0	0	0	0	0	0	0	0	0	0	0	0	0	0	0	0	0	0	0	0
213131	12 Jul 17	12:47:00	1	0	0	0	0	0	1	0	0	0	0	0	0	0	0	0	0	0	0	0	0	0	0	0	0	0	0	0	0	0	0	0	0	0	0	0	0	0	0
213132	12 Jul 17	12:48:00	1	0	0	0	0	0	1	0	0	0	0	0	0	0	0	0	3	0	0	0	0	0	0	0	0	0	0	0	0	0	0	0	0	0	0	0	0	0	0
213133	12 Jul 17	12:49:00	1	0	0	0	0	0	1	0	0	0	0	0	0	0	0	0	0	0	0	0	0	0	0	0	0	0	0	2	1	0	0	0	0	0	0	0	0	0	0
213134	12 Jul 17	12:50:00	1	0	0	0	0	0	1	0	0	0	0	0	0	0	0	0	1	0	0	0	0	0	0	0	0	0	0	0	0	0	0	0	0	0	0	1	0	0	0
213135	12 Jul 17	12:51:00	1	0	0	0	0	0	1	0	0	0	0	0	0	0	0	0	1	0	0	0	0	0	0	0	0	0	0	0	0	0	0	0	2	0	0	0	0	0	0
213136	12 Jul 17	12:52:00	1	0	0	0	0	0	1	0	0	0	0	0	0	0	0	0	1	0	0	0	0	0	0	0	0	0	0	1	0	0	0	0	0	0	0	0	0	0	0
213137	12 Jul 17	12:53:00	1	0	0	0	0	0	1	0	0	0	0	0	0	0	0	0	1	0	0	0	0	1	0	0	0	0	0	0	0	0	0	0	0	0	0	0	1	0	0
213138	12 Jul 17	12:54:00	1	0	0	0	0	0	1	0	0	0	0	0	0	0	0	0	0	0	0	0	0	2	0	0	0	0	0	1	0	0	0	0	0	0	0	0	0	0	0
213139	12 Jul 17	12:55:00	1	0	0	0	0	0	1	0	0	0	1	0	0	0	0	0	0	0	0	0	0	5	0	0	0	0	0	1	0	0	0	0	2	0	0	0	0	0	0
213140	12 Jul 17	12:56:00	1	0	0	0	0	0	1	0	0	0	0	0	0	0	3	0	0	0	0	0	0	0	0	0	0	0	1	2	0	0	0	0	1	0	0	0	0	0	0
213141	12 Jul 17	12:57:00	1	0	0	0	0	0	1	0	0	0	0	0	0	0	0	0	0	0	0	0	0	0	0	0	0	0	0	0	0	0	0	0	0	0	0	0	0	0	0
213142	12 Jul 17	12:58:00	1	0	0	0	0	0	1	0	0	0	0	0	0	0	0	0	0	0	0	0	0	3	0	0	1	0	0	0	0	0	0	0	0	0	0	0	0	0	0
213143	12 Jul 17	12:59:00	1	0	0	0	0	0	1	0	0	1	0	0	0	0	0	0	0	0	0	0	0	1	0	0	0	0	0	0	0	0	0	0	1	0	0	0	0	0	0
213144	12 Jul 17	13:00:00	1	0	0	0	0	0	1	0	0	1	0	0	0	0	0	0	0	0	0	0	0	2	0	0	0	0	0	0	0	0	0	0	1	0	0	0	0	0	0
213145	12 Jul 17	13:01:00	1	0	0	0	0	0	1	0	0	0	0	0	0	0	0	0	0	0	0	0	0	0	0	0	0	0	0	0	0	0	0	0	1	0	0	0	0	0	0
213146	12 Jul 17	13:02:00	1	0	0	0	0	0	1	4	0	0	0	0	0	0	0	0	0	0	0	0	0	0	0	0	0	0	0	0	1	0	0	0	0	0	0	0	0	0	0
213147	12 Jul 17	13:03:00	1	0	0	0	0	0	1	1	0	0	0	0	0	0	0	0	0	0	0	0	0	0	0	0	0	0	0	0	0	0	0	0	1	0	0	0	0	0	0
213148	12 Jul 17	13:04:00	1	0	0	0	0	0	1	1	0	0	0	0	0	0	0	0	0	0	0	0	0	0	0	0	0	0	0	0	1	0	0	0	0	0	0	0	0	0	0
213149	12 Jul 17	13:05:00	1	0	0	0	0	0	1	0	0	0	1	0	0	0	0	0	0	0	0	0	0	0	0	0	0	0	0	0	0	0	0	0	0	0	0	0	0	0	0
213150	12 Jul 17	13:06:00	1	0	0	0	0	0	1	2	0	0	0	0	0	0	0	0	0	0	0	0	0	0	0	0	0	0	1	0	0	0	0	0	0	0	0	0	0	0	0
213151	12 Jul 17	13:07:00	1	0	0	0	0	0	1	2	0	0	0	0	0	0	0	0	0	0	0	0	0	0	0	1	0	0	0	0	0	0	0	0	0	0	0	0	0	0	0
213152	12 Jul 17	13:08:00	1	0	0	0	0	0	1	2	0	0	0	0	0	0	0	0	0	0	0	0	0	0	0	0	0	0	0	0	0	0	0	0	0	0	0	0	0	0	0
213153	12 Jul 17	13:09:00	1	0	0	0	0	0	1	2	0	0	0	0	0	0	0	0	0	0	0	0	0	0	0	0	0	0	0	0	0	0	0	0	0	0	0	0	0	0	0
213154	12 Jul 17	13:10:00	1	0	0	0	0	0	1	12	0	0	0	0	0	0	0	0	0	0	0	0	0	0	0	0	0	0	0	0	0	0	0	0	0	0	0	0	0	0	0
213155	12 Jul 17	13:11:00	1	0	0	0	0	0	1	5	0	0	0	0	0	0	0	0	0	0	0	0	0	2	0	0	0	0	0	0	0	0	0	0	0	0	0	0	0	0	0
213156	12 Jul 17	13:12:00	1	0	0	0	0	0	1	4	0	0	0	0	0	0	0	0	0	0	0	0	0	0	0	0	0	0	0	0	0	0	0	2	0	0	0	0	0	0	0
213157	12 Jul 17	13:13:00	1	0	0	0	0	0	1	2	0	0	0	0	0	0	0	0	0	0	0	0	0	2	0	0	0	0	0	0	0	0	0	1	0	0	0	0	0	0	0
213158	12 Jul 17	13:14:00	1	0	0	0	0	0	1	1	0	0	0	0	0	0	0	0	1	0	0	0	0	2	0	0	0	0	0	0	0	0	0	1	0	0	0	0	0	0	0
213159	12 Jul 17	13:15:00	1	0	0	0	0	0	1	5	0	0	0	0	0	0	0	0	1	0	0	0	0	2	0	0	0	0	0	0	0	0	0	0	0	0	0	0	0	0	0
213160	12 Jul 17	13:16:00	1	0	0	0	0	0	1	0	0	0	2	0	0	0	0	0	1	0	0	0	0	2	0	0	0	0	0	0	0	1	0	0	0	0	0	0	0	0	0
213161	12 Jul 17	13:17:00	1	0	0	0	0	0	1	0	0	0	0	0	0	0	0	0	0	0	0	0	0	3	0	0	0	0	0	0	0	0	0	0	0	0	0	0	0	0	0
213162	12 Jul 17	13:18:00	1	0	0	0	0	0	1	0	0	0	0	0	0	0	0	0	4	0	0	0	0	3	0	0	0	0	0	0	0	0	0	0	0	0	0	0	0	0	0
213163	12 Jul 17	13:19:00	1	0	0	0	0	0	1	0	0	0	0	0	0	0	0	0	0	0	0	0	0	3	0	0	0	0	0	0	0	0	0	0	0	0	0	0	0	0	0
213164	12 Jul 17	13:20:00	1	0	0	0	0	0	1	0	0	0	0	0	0	0	0	0	0	0	0	0	0	2	0	0	0	0	0	0	0	0	0	0	0	0	0	0	0	0	0
213165	12 Jul 17	13:21:00	1	0	0	0	0	0	1	0	0	0	0	0	0	0	0	0	0	0	0	0	0	4	0	0	0	0	0	0	0	0	0	0	0	0	0	0	0	0	0
213166	12 Jul 17	13:22:00	1	0	0	0	0	0	1	0	0	0	0	0	0	0	0	0	0	0	0	0	0	0	0	0	0	0	0	0	0	0	0	0	0	0	0	0	0	0	0
213167	12 Jul 17	13:23:00	1	0	0	0	0	0	1	0	0	0	0	0	0	0	0	0	0	0	0	0	0	0	0	0	0	0	0	1	0	0	0	0	0	0	0	0	0	0	0
213168	12 Jul 17	13:24:00	1	0	0	0	0	0	1	0	0	0	0	0	0	0	0	0	0	0	0	0	0	0	0	0	0	0	0	1	0	0	0	0	0	0	0	0	0	0	0
213169	12 Jul 17	13:25:00	1	0	0	0	0	0	1	1	0	0	0	0	0	0	0	0	0	0	0	0	0	0	0	0	0	0	0	1	0	0	0	0	0	0	2	0	0	0	0
213170	12 Jul 17	13:26:00	1	0	0	0	0	0	1	0	0	0	0	0	0	0	0	0	0	0	0	0	0	0	0	0	0	0	0	0	0	0	0	0	0	0	0	0	0	0	0
213171	12 Jul 17	13:27:00	1	0	0	0	0	0	1	0	0	0	0	0	0	0	0	0	0	0	0	0	0	0	0	0	0	0	0	1	0	0	0	0	0	0	0	0	0	0	0
213172	12 Jul 17	13:28:00	1	0	0	0	0	0	1	0	0	0	0	0	0	0	0	0	0	0	0	0	0	0	0	0	0	0	0	0	0	0	0	0	0	0	0	0	0	0	0
213173	12 Jul 17	13:29:00	1	0	0	0	0	0	1	0	0	0	0	0	0	0	0	0	0	0	0	0	0	0	0	0	0	0	0	0	0	0	0	0	0	0	0	0	0	0	0
213174	12 Jul 17	13:30:00	1	0	0	0	0	0	1	0	0	0	1	0	0	0	0	0	0	0	0	0	0	0	0	0	0	0	1	0	0	0	0	0	1	0	0	0	0	0	0
213175	12 Jul 17	13:31:00	1	0	0	0	0	0	1	0	0	2	0	0	0	1	1	0	0	1	0	0	0	0	0	0	1	0	3	0	0	0	0	0	1	0	0	0	1	0	0
213176	12 Jul 17	13:32:00	1	0	0	0	0	0	1	0	0	0	3	0	0	0	1	0	0	1	0	0	0	1	0	0	1	0	2	0	0	0	0	0	2	0	0	0	0	0	0
213177	12 Jul 17	13:33:00	1	0	0	0	0	0	1	0	0	0	3	0	0	0	0	0	1	0	0	0	0	4	0	0	4	0	3	0	0	0	0	0	2	0	0	0	0	0	0
213178	12 Jul 17	13:34:00	1	0	0	0	0	0	1	0	0	0	2	0	0	0	0	0	0	1	0	0	0	4	0	0	1	0	2	0	0	0	0	0	1	0	0	0	0	0	0
213179	12 Jul 17	13:35:00	1	0	0	0	0	0	1	0	0	0	2	0	0	0	0	0	0	3	0	0	0	3	0	0	2	0	1	0	0	0	0	0	1	0	0	0	0	0	0
213180	12 Jul 17	13:36:00	1	0	0	0	0	0	1	0	0	0	1	0	0	0	0	0	0	1	0	0	0	2	0	0	0	0	1	0	0	0	0	0	1	0	0	0	0	0	4
213181	12 Jul 17	13:37:00	1	0	0	0	0	0	1	0	0	0	1	0	0	0	0	0	0	1	0	0	0	2	0	0	0	0	1	0	0	0	0	0	1	1	0	0	0	0	0
213182	12 Jul 17	13:38:00	1	0	0	0	0	0	1	0	0	0	2	0	0	0	0	0	0	2	0	0	0	2	0	0	0	0	1	0	0	0	0	0	0	0	0	0	0	0	0
213183	12 Jul 17	13:39:00	1	0	0	0	0	0	1	0	0	0	3	0	0	0	0	0	0	1	0	0	0	0	0	0	0	0	2	0	0	0	0	0	0	0	0	0	0	0	1
213184	12 Jul 17	13:40:00	1	0	0	0	0	0	1	0	0	0	3	0	0	0	0	0	0	1	0	0	0	0	0	0	0	0	2	0	0	0	0	0	0	0	0	0	0	0	1
213185	12 Jul 17	13:41:00	1	0	0	0	0	0	1	0	0	0	0	0	0	0	0	0	0	0	0	0	0	2	0	0	0	0	1	0	0	0	0	0	0	0	0	0	0	0	1
213186	12 Jul 17	13:42:00	1	0	0	0	0	0	1	0	0	0	3	0	0	1	1	0	0	3	0	0	0	2	0	0	0	0	1	0	1	0	0	0	1	0	0	0	1	0	2
213187	12 Jul 17	13:43:00	1	0	0	0	0	0	1	0	0	0	4	0	0	0	1	0	0	0	0	0	0	1	0	1	0	0	2	0	0	0	0	0	1	0	0	0	1	0	1
213188	12 Jul 17	13:44:00	1	0	0	0	0	0	1	0	0	0	3	0	0	0	0	0	0	0	0	0	0	0	0	1	0	0	2	0	1	0	0	0	2	0	0	0	0	0	1
213189	12 Jul 17	13:45:00	1	0	0	0	0	0	1	0	0	0	2	0	0	0	0	0	0	0	0	0	0	0	0	0	0	0	0	0	0	0	0	0	1	0	0	0	0	0	0
213190	12 Jul 17	13:46:00	1	0	0	0	0	0	1	0	0	0	4	0	0	0	0	0	0	0	0	0	0	0	0	0	0	0	0	0	0	0	0	0	2	0	0	0	0	0	0
213191	12 Jul 17	13:47:00	1	0	0	0	0	0	1	0	0	0	3	0	0	0	0	0	0	0	0	0	1	0	0	0	0	0	0	0	0	0	0	0	0	0	0	0	0	0	0
213192	12 Jul 17	13:48:00	1	0	0	0	0	0	1	0	0	0	2	0	0	0	0	0	0	0	0	0	2	0	0	0	0	0	1	0	0	0	0	0	0	0	0	0	0	0	0
213193	12 Jul 17	13:49:00	1	0	0	0	0	0	1	0	0	0	5	0	0	0	0	0	0	0	0	0	0	0	0	0	0	0	1	0	0	0	0	0	0	0	0	0	0	0	0
213194	12 Jul 17	13:50:00	1	0	0	0	0	0	1	0	0	0	0	0	0	0	0	0	0	0	0	0	1	0	0	0	0	0	2	0	0	0	0	0	1	0	0	0	0	0	0
213195	12 Jul 17	13:51:00	1	0	0	0	0	0	1	0	0	0	2	0	0	0	0	0	0	0	0	0	0	0	0	0	0	0	0	0	0	0	0	0	0	0	0	0	0	0	0
213196	12 Jul 17	13:52:00	1	0	0	0	0	0	1	0	0	0	0	0	0	0	0	0	0	0	0	0	0	0	0	0	0	0	0	0	0	0	0	0	0	0	0	0	0	0	0
213197	12 Jul 17	13:53:00	1	0	0	0	0	0	1	0	0	0	0	0	0	0	0	0	0	0	0	0	0	0	0	0	0	0	0	0	0	0	0	0	0	0	0	0	0	0	0
213198	12 Jul 17	13:54:00	1	0	0	0	0	0	1	2	0	0	0	0	0	0	0	0	0	0	0	0	0	0	0	0	0	0	0	0	0	0	0	0	0	0	0	0	0	0	0
213199	12 Jul 17	13:55:00	1	0	0	0	0	0	1	1	0	0	0	0	0	0	0	0	0	0	0	0	0	0	0	0	0	0	0	0	0	0	0	0	0	0	0	0	0	0	0
213200	12 Jul 17	13:56:00	1	0	0	0	0	0	1	1	0	0	0	0	0	0	0	0	0	0	0	2	0	0	0	0	0	0	0	0	0	0	0	0	0	0	0	0	0	0	0
213201	12 Jul 17	13:57:00	1	0	0	0	0	0	1	1	0	0	0	0	0	0	0	0	0	0	0	2	0	0	0	0	0	0	0	0	0	0	0	0	0	0	0	0	0	0	0
213202	12 Jul 17	13:58:00	1	0	0	0	0	0	1	0	0	0	0	0	0	0	0	0	0	0	0	0	0	0	0	0	0	0	0	0	0	0	0	0	0	0	0	0	0	0	0
213203	12 Jul 17	13:59:00	1	0	0	0	0	0	1	0	0	0	0	0	0	0	0	0	0	0	0	0	0	0	0	0	0	0	0	0	0	0	0	0	0	0	0	0	0	0	0
213204	12 Jul 17	14:00:00	1	0	0	0	0	0	1	2	0	0	0	0	0	0	0	0	0	0	0	0	0	0	0	0	0	0	0	0	1	0	0	0	0	0	0	0	0	0	0
213205	12 Jul 17	14:01:00	1	0	0	0	0	0	1	1	0	0	0	0	0	0	0	0	0	0	0	0	0	0	0	0	0	0	0	0	3	0	0	0	0	0	0	0	0	0	0
213206	12 Jul 17	14:02:00	1	0	0	0	0	0	1	6	0	0	0	0	0	0	1	0	1	0	0	0	0	0	0	0	0	0	1	0	1	0	0	0	0	0	0	0	0	0	0
213207	12 Jul 17	14:03:00	1	0	0	0	0	0	1	14	0	0	0	0	0	0	0	0	0	0	0	0	0	0	0	0	0	0	1	0	1	0	0	0	1	0	0	0	0	0	0
213208	12 Jul 17	14:04:00	1	0	0	0	0	0	1	17	0	0	0	0	0	0	0	0	0	0	0	0	0	0	0	0	0	0	0	0	0	0	0	0	1	0	0	0	0	0	0
213209	12 Jul 17	14:05:00	1	0	0	0	0	0	1	12	0	0	2	0	0	0	0	1	0	0	0	0	0	0	0	0	1	0	5	0	2	0	0	3	1	0	0	0	0	0	1
213210	12 Jul 17	14:06:00	1	0	0	0	0	0	1	3	0	0	2	0	0	2	1	2	0	0	0	1	0	0	0	1	1	0	3	0	2	1	0	6	1	4	0	0	0	0	2
213211	12 Jul 17	14:07:00	1	0	0	0	0	0	1	2	0	0	4	0	0	2	0	0	0	0	0	0	2	0	0	1	0	0	2	2	2	0	0	3	3	3	0	0	0	0	1
213212	12 Jul 17	14:08:00	1	0	0	0	0	0	1	3	0	0	0	0	0	3	0	2	0	0	0	1	1	0	0	0	0	0	0	1	2	0	0	0	2	1	0	0	0	0	2
213213	12 Jul 17	14:09:00	1	0	0	0	0	0	1	3	0	0	3	0	0	2	0	1	0	0	0	0	0	0	0	0	0	0	0	1	2	0	0	5	2	2	0	0	0	0	2
213214	12 Jul 17	14:10:00	1	0	0	0	0	0	1	2	0	0	2	0	0	1	0	0	0	0	0	0	0	0	0	1	0	0	2	1	0	0	0	2	1	1	0	0	0	0	1
213215	12 Jul 17	14:11:00	1	0	0	0	0	0	1	2	0	0	0	0	0	3	0	0	0	0	0	0	0	0	0	2	0	0	1	2	1	0	0	2	1	2	0	0	0	0	2
213216	12 Jul 17	14:12:00	1	0	0	0	0	0	1	2	0	0	0	0	0	0	0	0	0	0	0	0	0	0	0	0	0	0	1	0	0	0	0	2	0	1	0	0	0	0	0
213217	12 Jul 17	14:13:00	1	0	0	0	0	0	1	1	0	0	0	0	0	2	0	0	0	0	0	0	0	0	0	2	0	0	1	1	1	0	0	5	1	2	0	0	0	0	1
213218	12 Jul 17	14:14:00	1	0	0	0	0	0	1	2	0	0	0	0	0	2	0	0	0	0	0	0	0	1	0	0	0	0	1	0	1	0	0	3	3	0	0	0	0	0	0
213219	12 Jul 17	14:15:00	1	0	0	0	0	0	1	4	0	0	0	0	0	1	0	0	0	0	0	0	0	1	0	0	0	0	0	2	0	0	0	2	1	0	0	0	0	0	0
213220	12 Jul 17	14:16:00	1	0	0	0	0	0	1	2	0	0	0	0	0	1	0	0	0	0	0	0	0	1	0	0	0	0	0	1	1	0	0	1	2	0	0	0	0	0	0
213221	12 Jul 17	14:17:00	1	0	0	0	0	0	1	1	0	0	0	0	0	0	0	0	0	0	0	0	0	1	0	0	0	0	0	1	0	0	0	0	4	0	0	0	0	0	0
213222	12 Jul 17	14:18:00	1	0	0	0	0	0	1	2	0	0	0	0	0	0	0	0	0	0	0	0	0	2	0	0	0	0	0	2	0	0	0	2	1	0	0	0	0	0	0
213223	12 Jul 17	14:19:00	1	0	0	0	0	0	1	2	0	0	0	0	0	0	0	0	0	0	0	0	0	2	0	0	0	0	0	0	0	0	0	2	0	0	0	0	0	0	0
213224	12 Jul 17	14:20:00	1	0	0	0	0	0	1	1	0	0	0	0	0	0	0	0	0	0	0	0	0	0	0	0	0	0	0	0	0	0	0	2	0	0	0	0	0	0	0
213225	12 Jul 17	14:21:00	1	0	0	0	0	0	1	2	0	0	0	0	0	0	0	0	0	0	0	0	0	0	0	0	1	0	0	1	0	0	0	0	0	0	0	0	0	0	0
213226	12 Jul 17	14:22:00	1	0	0	0	0	0	1	3	0	0	0	0	0	0	0	0	0	0	0	0	0	2	0	0	0	0	0	0	0	0	0	1	0	0	0	0	0	0	0
213227	12 Jul 17	14:23:00	1	0	0	0	0	0	1	2	0	0	1	0	0	0	0	0	0	0	0	0	0	3	0	1	0	0	1	0	1	0	0	3	1	0	0	0	0	0	0
213228	12 Jul 17	14:24:00	1	0	0	0	0	0	1	0	0	0	3	0	0	0	0	0	0	0	0	0	0	1	0	0	0	0	3	0	3	0	0	1	1	0	0	0	0	0	0
213229	12 Jul 17	14:25:00	1	0	0	0	0	0	1	1	0	0	0	0	0	0	0	0	0	0	0	0	3	2	0	0	0	0	0	0	2	0	0	1	0	0	0	0	0	0	0
213230	12 Jul 17	14:26:00	1	0	0	0	0	0	1	3	0	0	0	0	0	0	0	0	0	0	0	0	0	2	0	0	0	0	0	0	1	0	0	2	2	0	0	0	0	0	0
213231	12 Jul 17	14:27:00	1	0	0	0	0	0	1	1	0	0	0	0	0	0	0	0	0	0	0	0	0	3	0	0	0	0	0	0	0	0	0	0	1	0	0	0	0	0	0
213232	12 Jul 17	14:28:00	1	0	0	0	0	0	1	5	0	0	0	0	0	0	0	0	0	0	0	0	0	1	0	0	0	0	1	0	3	0	0	0	0	0	0	0	0	0	0
213233	12 Jul 17	14:29:00	1	0	0	0	0	0	1	0	0	0	0	0	0	0	0	0	0	0	0	0	0	0	0	0	0	0	2	0	1	0	0	0	2	0	0	0	0	0	0
213234	12 Jul 17	14:30:00	1	0	0	0	0	0	1	1	0	0	0	0	0	0	0	0	0	0	0	0	0	0	0	0	0	0	3	0	1	0	0	1	1	0	0	0	0	0	0
213235	12 Jul 17	14:31:00	1	0	0	0	0	0	1	2	0	0	0	0	0	0	0	0	0	0	0	0	6	0	0	0	0	0	2	0	1	0	0	1	2	0	0	0	0	0	0
213236	12 Jul 17	14:32:00	1	0	0	0	0	0	1	1	0	0	1	0	0	0	0	0	0	0	0	0	1	0	0	0	0	0	2	0	2	0	0	3	3	0	0	0	0	0	0
213237	12 Jul 17	14:33:00	1	0	0	0	0	0	1	3	0	0	2	0	0	0	0	0	0	1	0	0	0	0	0	0	0	0	2	0	0	0	0	1	1	0	0	0	0	0	0
213238	12 Jul 17	14:34:00	1	0	0	0	0	0	1	2	0	0	3	0	0	0	0	0	0	2	0	0	0	0	0	0	0	0	1	0	0	0	0	3	0	0	0	0	0	0	0
213239	12 Jul 17	14:35:00	1	0	0	0	0	0	1	2	0	0	3	0	0	0	0	0	0	1	0	0	0	0	0	0	0	0	1	0	0	0	0	2	2	0	0	0	0	0	0
213240	12 Jul 17	14:36:00	1	0	0	0	0	0	1	1	0	0	5	0	0	0	0	0	0	0	0	0	0	0	0	1	0	0	0	0	0	0	0	2	1	0	0	0	0	0	0
213241	12 Jul 17	14:37:00	1	0	0	0	0	0	1	1	0	0	0	0	0	0	0	0	0	1	0	0	0	0	0	0	0	0	0	0	0	0	0	1	0	0	0	0	0	0	0
213242	12 Jul 17	14:38:00	1	0	0	0	0	0	1	1	0	0	2	0	0	0	0	0	0	1	0	0	0	0	0	0	0	0	0	0	0	0	0	0	0	0	0	0	0	0	0
213243	12 Jul 17	14:39:00	1	0	0	0	0	0	1	0	0	0	0	0	0	0	0	0	0	0	0	0	0	0	2	5	0	0	0	0	0	0	0	1	0	0	0	0	0	0	0
213244	12 Jul 17	14:40:00	1	0	0	0	0	0	1	1	0	0	0	0	0	0	0	0	0	0	0	0	0	0	0	1	0	0	0	0	0	0	0	1	0	0	0	0	0	0	0
213245	12 Jul 17	14:41:00	1	0	0	0	0	0	1	4	0	0	0	0	0	0	0	0	0	0	0	0	0	0	0	0	0	0	0	0	0	0	0	0	0	0	0	0	0	0	0
213246	12 Jul 17	14:42:00	1	0	0	0	0	0	1	2	0	0	0	0	0	0	0	0	0	2	0	0	0	0	2	0	0	0	0	0	0	0	0	0	0	0	0	0	0	0	0
213247	12 Jul 17	14:43:00	1	0	0	0	0	0	1	1	0	0	0	0	0	0	0	0	0	2	0	0	0	0	2	0	0	0	0	0	0	0	0	0	0	0	0	0	0	0	0
213248	12 Jul 17	14:44:00	1	0	0	0	0	0	1	0	0	0	0	0	0	0	0	0	0	1	0	0	1	0	0	0	0	0	0	0	0	0	0	0	0	0	0	0	0	0	0
213249	12 Jul 17	14:45:00	1	0	0	0	0	0	1	0	0	0	0	0	0	0	0	0	0	0	0	0	0	0	0	0	0	0	0	0	0	0	0	0	0	0	0	0	0	0	0
213250	12 Jul 17	14:46:00	1	0	0	0	0	0	1	0	0	0	0	0	0	0	0	0	0	1	0	0	0	0	2	0	0	0	0	0	0	0	0	0	0	0	0	0	0	0	0
213251	12 Jul 17	14:47:00	1	0	0	0	0	0	1	0	0	0	0	0	0	0	0	0	0	1	0	0	0	0	2	2	0	0	0	0	0	0	0	0	0	0	0	0	0	0	0
213252	12 Jul 17	14:48:00	1	0	0	0	0	0	1	0	0	0	0	0	0	0	0	0	0	1	0	0	0	0	2	1	0	0	0	0	0	0	0	0	0	0	0	0	0	0	0
213253	12 Jul 17	14:49:00	1	0	0	0	0	0	1	0	0	0	0	0	0	0	0	0	0	1	0	0	0	0	3	0	0	0	0	0	0	0	0	0	0	0	0	0	0	0	0
213254	12 Jul 17	14:50:00	1	0	0	0	0	0	1	0	0	0	0	0	0	0	0	0	0	1	0	0	0	0	1	1	0	0	0	0	0	0	0	0	0	0	0	0	0	0	0
213255	12 Jul 17	14:51:00	1	0	0	0	0	0	1	0	0	0	0	0	0	0	0	0	0	1	0	0	0	0	2	2	0	0	0	0	0	0	0	0	0	0	0	0	0	0	0
213256	12 Jul 17	14:52:00	1	0	0	0	0	0	1	0	0	0	0	0	0	0	0	0	0	1	0	0	0	0	2	0	0	0	0	0	0	0	0	0	3	0	0	0	0	0	0
213257	12 Jul 17	14:53:00	1	0	0	0	0	0	1	0	0	0	0	0	0	0	0	0	0	1	0	0	0	0	3	1	0	0	1	0	0	0	0	0	1	0	0	0	0	0	0
213258	12 Jul 17	14:54:00	1	0	0	0	0	0	1	0	0	0	0	0	0	0	0	0	0	0	0	0	0	0	2	0	0	0	0	0	2	0	0	0	3	0	0	0	0	0	0
213259	12 Jul 17	14:55:00	1	0	0	0	0	0	1	0	0	0	0	0	0	0	0	0	0	1	0	0	0	0	2	0	0	0	1	0	1	0	0	0	2	0	0	0	0	0	0
213260	12 Jul 17	14:56:00	1	0	0	0	0	0	1	0	0	0	0	0	0	0	0	0	0	0	0	0	3	0	2	1	0	0	3	0	0	0	0	0	1	0	0	0	0	0	0
213261	12 Jul 17	14:57:00	1	0	0	0	0	0	1	0	0	0	0	0	0	0	0	0	0	0	0	0	0	0	2	0	0	0	2	0	1	0	0	0	2	0	0	0	0	0	0
213262	12 Jul 17	14:58:00	1	0	0	0	0	0	1	0	0	0	0	0	0	0	0	0	0	0	0	0	0	0	2	0	12	0	2	0	0	0	0	0	2	0	0	0	0	0	0
213263	12 Jul 17	14:59:00	1	0	0	0	0	0	1	0	0	0	4	0	0	1	0	2	0	2	0	0	3	6	2	4	5	0	2	0	2	0	0	2	1	1	1	0	0	0	0
213264	12 Jul 17	15:00:00	1	0	0	0	0	0	1	2	2	0	0	0	0	0	0	3	1	0	1	1	3	0	2	0	0	0	0	0	2	0	0	2	1	1	3	1	0	0	0
213265	12 Jul 17	15:01:00	1	0	0	0	0	0	1	4	1	0	0	0	0	0	2	3	2	1	0	4	2	0	4	5	2	2	2	0	4	0	0	4	3	4	3	1	0	0	3
213266	12 Jul 17	15:02:00	1	0	0	0	0	0	1	6	1	0	0	0	0	0	4	3	0	2	0	1	3	0	2	3	1	2	3	0	2	0	0	3	3	2	0	2	0	0	2
213267	12 Jul 17	15:03:00	1	0	0	0	0	0	1	3	2	0	0	0	0	0	5	1	0	1	0	2	5	0	3	0	2	5	2	1	4	0	0	4	0	2	4	2	0	0	2
213268	12 Jul 17	15:04:00	1	0	0	0	0	0	1	3	1	0	0	0	0	0	3	4	0	2	0	2	2	1	2	0	3	3	2	0	3	0	0	3	2	2	0	2	0	0	4
213269	12 Jul 17	15:05:00	1	0	0	0	0	0	1	2	1	0	0	0	0	0	5	3	0	1	0	3	2	0	3	0	2	2	1	1	3	0	0	3	0	1	3	3	0	0	1
213270	12 Jul 17	15:06:00	1	0	0	0	0	0	1	4	1	4	0	0	0	1	3	4	0	1	0	1	1	0	2	1	1	2	2	1	1	0	0	3	1	2	0	0	0	0	3
213271	12 Jul 17	15:07:00	1	0	0	0	0	0	1	3	1	0	0	0	0	0	2	3	0	3	2	3	1	1	2	4	3	3	2	2	3	0	0	3	0	1	5	3	0	0	2
213272	12 Jul 17	15:08:00	1	0	0	0	0	0	1	3	0	0	0	0	0	0	3	1	0	0	0	3	0	1	2	2	2	2	2	1	3	0	0	1	1	2	0	1	0	0	2
213273	12 Jul 17	15:09:00	1	0	0	0	0	0	1	2	2	0	0	0	0	0	3	2	0	2	0	3	0	1	3	3	2	1	2	1	1	0	0	1	3	1	1	2	0	0	3
213274	12 Jul 17	15:10:00	1	0	0	0	0	0	1	2	1	0	0	0	0	0	1	1	0	1	0	1	0	0	2	3	0	1	3	2	1	0	0	1	0	2	6	1	0	0	2
213275	12 Jul 17	15:11:00	1	0	0	0	0	0	1	1	0	0	0	0	0	0	0	1	0	1	0	2	0	0	3	3	3	0	2	1	1	0	0	0	1	1	6	2	0	0	3
213276	12 Jul 17	15:12:00	1	0	0	0	0	0	1	3	1	0	0	0	0	0	2	2	0	2	0	2	0	0	3	4	0	1	1	2	1	0	0	0	1	2	1	1	0	0	1
213277	12 Jul 17	15:13:00	1	0	0	0	0	0	1	2	0	0	0	0	0	0	3	1	0	1	0	2	0	0	2	2	1	2	3	1	1	0	0	0	0	1	1	0	0	0	2
213278	12 Jul 17	15:14:00	1	0	0	0	0	0	1	1	0	0	0	0	0	0	2	4	0	2	0	1	0	0	2	3	1	1	1	1	1	0	0	0	0	1	1	0	0	0	1
213279	12 Jul 17	15:15:00	1	0	0	0	0	0	1	0	0	0	0	0	0	0	0	0	0	1	0	1	0	0	1	3	0	2	0	0	1	0	0	0	0	0	0	1	0	0	0
213280	12 Jul 17	15:16:00	1	0	0	0	0	0	1	3	0	0	0	0	0	0	2	1	0	3	0	2	2	1	2	3	1	1	0	2	1	0	0	0	1	1	0	0	0	0	1
213281	12 Jul 17	15:17:00	1	0	0	0	0	0	1	2	0	0	0	0	0	0	0	0	0	0	0	2	3	0	2	4	3	2	1	0	1	0	0	0	1	1	1	2	0	0	2
213282	12 Jul 17	15:18:00	1	0	0	0	0	0	1	3	1	0	0	0	0	0	9	0	0	0	0	1	1	0	2	1	1	1	2	1	0	0	0	0	2	3	1	0	0	0	0
213283	12 Jul 17	15:19:00	1	0	0	0	0	0	1	2	0	0	0	0	0	0	2	0	0	10	0	3	0	0	2	2	0	0	2	1	0	0	0	0	0	1	0	0	0	0	0
213284	12 Jul 17	15:20:00	1	0	0	0	0	0	1	2	0	0	0	0	0	0	2	0	0	9	0	1	0	0	1	2	0	0	1	1	0	0	0	0	1	0	0	0	0	0	0
213285	12 Jul 17	15:21:00	1	0	0	0	0	0	1	0	0	0	0	0	0	0	1	0	0	1	0	2	0	0	3	0	0	1	0	2	0	0	0	0	2	0	0	0	0	0	0
213286	12 Jul 17	15:22:00	1	0	0	0	0	0	1	0	0	0	0	0	0	0	1	0	0	0	0	1	0	0	2	2	0	4	0	2	0	0	0	0	1	0	0	0	0	0	0
213287	12 Jul 17	15:23:00	1	0	0	0	0	0	1	0	0	0	0	0	0	0	0	0	0	0	0	2	0	0	4	3	0	1	0	6	0	0	0	0	1	0	0	0	0	0	0
213288	12 Jul 17	15:24:00	1	0	0	0	0	0	1	0	0	0	0	0	0	0	0	0	0	0	0	1	0	0	1	2	0	2	0	0	0	0	0	0	0	0	0	2	0	0	0
213289	12 Jul 17	15:25:00	1	0	0	0	0	0	1	0	0	0	0	0	0	0	0	0	0	0	0	1	0	0	1	2	0	0	0	0	0	0	0	0	1	0	0	1	0	0	0
213290	12 Jul 17	15:26:00	1	0	0	0	0	0	1	0	0	0	0	0	0	0	0	0	0	1	0	2	0	0	1	1	0	2	0	0	0	0	0	0	1	0	0	1	0	0	0
213291	12 Jul 17	15:27:00	1	0	0	0	0	0	1	0	0	0	0	0	0	0	0	0	0	0	0	10	0	0	3	0	0	0	0	7	0	0	0	0	1	0	0	1	0	0	0
213292	12 Jul 17	15:28:00	1	0	0	0	0	0	1	0	0	0	0	0	0	0	0	0	0	0	0	2	0	0	1	1	0	2	0	0	0	0	0	0	0	0	0	0	0	0	0
213293	12 Jul 17	15:29:00	1	0	0	0	0	0	1	0	0	0	0	0	3	0	0	0	0	1	0	2	3	0	6	0	0	4	2	0	2	0	0	0	0	0	0	0	0	0	0
213294	12 Jul 17	15:30:00	1	0	0	0	0	0	1	0	0	0	0	0	0	0	0	0	0	1	0	6	0	0	2	0	0	2	2	0	2	0	0	0	0	0	0	0	0	0	1
213295	12 Jul 17	15:31:00	1	0	0	0	0	0	1	0	0	0	0	0	2	0	0	0	0	0	0	3	0	0	2	0	0	0	3	0	2	0	0	0	1	1	0	0	0	0	0
213296	12 Jul 17	15:32:00	1	0	0	0	0	0	1	0	0	0	0	0	0	0	0	0	0	0	0	0	0	0	2	0	0	2	0	0	2	0	0	0	1	2	0	0	0	0	0
213297	12 Jul 17	15:33:00	1	0	0	0	0	0	1	0	0	0	0	0	1	0	0	0	0	0	0	0	0	0	2	0	0	0	0	0	1	0	0	0	0	2	0	0	0	0	0
