datetime	mean	std	sum	1	2	3	4	5	6	7	8	9	10	11	12	13	14	15	16	17	18	19	20	21	22	23	24	25	26	27	28	29	30	31	32	33	34
2017-07-12 08:01:00	0.935	1.181	29	0	0	0	0	0	1	0	0	1	0	0	0	0	1	2	4	0	3	1	2	0	1	0	0	2	4	0	2	2	0	0	1	1	1
2017-07-12 08:02:00	1.161	1.214	36	0	0	0	0	0	1	0	0	2	0	2	0	1	1	3	0	0	3	1	2	1	2	1	0	2	3	0	2	0	0	0	4	3	2
2017-07-12 08:03:00	1.097	1.326	34	0	0	0	0	0	1	0	0	0	0	1	0	1	1	2	1	0	3	1	3	0	1	1	0	2	4	0	0	4	0	0	4	2	2
2017-07-12 08:04:00	0.903	1.044	28	0	0	0	0	0	1	0	0	1	0	2	0	0	1	3	1	0	0	1	3	0	1	0	0	1	3	2	1	1	0	0	3	1	2
2017-07-12 08:05:00	1.065	1.153	33	0	0	0	0	0	2	0	0	0	0	2	0	1	2	2	1	0	2	1	2	0	4	0	0	2	3	3	1	0	0	0	1	2	2
2017-07-12 08:06:00	1.161	1.734	36	0	0	0	0	0	2	0	0	0	0	0	0	1	1	3	1	0	3	1	3	0	3	0	0	1	3	1	0	0	0	0	8	2	3
2017-07-12 08:07:00	0.935	1.289	29	0	0	0	0	0	1	2	0	0	0	1	0	1	0	2	4	0	3	0	3	1	4	0	0	0	3	0	0	0	0	0	1	1	2
2017-07-12 08:08:00	1.097	1.375	34	0	0	0	0	1	0	1	0	0	0	2	0	2	0	1	2	0	3	1	4	0	3	0	0	5	2	0	0	1	0	0	3	2	1
2017-07-12 08:09:00	1.161	1.416	36	0	0	0	0	1	0	1	0	0	0	2	0	2	1	2	5	0	2	0	4	3	1	0	0	0	3	1	0	0	0	0	3	2	3
2017-07-12 08:10:00	0.806	1.046	25	0	0	0	0	1	1	1	0	2	0	2	0	0	0	2	3	0	3	0	1	0	1	0	0	2	3	0	0	0	0	0	0	2	1
2017-07-12 08:11:00	1.129	1.335	35	0	0	0	0	4	3	1	0	2	0	2	0	1	2	2	1	0	3	0	1	1	0	2	0	2	5	0	0	0	0	0	0	2	1
2017-07-12 08:12:00	0.839	1.068	26	0	0	0	0	3	1	1	0	2	0	1	0	0	0	1	2	0	3	0	3	0	1	1	0	1	3	1	0	0	0	0	0	2	0
2017-07-12 08:13:00	1.065	1.504	33	0	0	0	0	7	1	1	0	2	0	1	0	1	0	2	3	0	3	0	3	0	1	1	0	2	2	2	0	0	0	0	0	1	0
2017-07-12 08:14:00	0.935	1.124	29	0	0	0	0	1	1	2	0	4	0	1	0	0	0	2	1	0	3	0	3	1	2	1	0	2	2	0	0	1	0	0	0	2	0
2017-07-12 08:15:00	1.129	1.284	35	0	0	0	0	2	4	2	0	2	0	2	0	0	0	2	2	0	3	0	1	0	3	2	0	1	2	2	0	1	0	0	0	4	0
2017-07-12 08:16:00	1.032	1.402	32	0	0	0	0	1	1	0	0	2	0	2	0	0	0	4	1	0	3	0	3	5	1	0	0	2	2	3	0	0	0	0	0	2	0
2017-07-12 08:17:00	1.355	2.009	42	0	0	0	0	0	1	5	0	2	0	0	0	0	0	3	8	0	1	0	2	5	4	2	0	2	4	2	0	0	0	0	0	1	0
2017-07-12 08:18:00	0.871	1.231	27	0	0	0	0	0	2	1	0	3	0	2	0	5	0	2	2	0	1	0	0	0	2	2	0	2	2	1	0	0	0	0	0	0	0
2017-07-12 08:19:00	0.581	0.992	18	0	0	0	0	0	0	1	0	1	0	0	0	1	0	1	0	0	3	0	0	0	3	2	0	2	3	1	0	0	0	0	0	0	0
2017-07-12 08:20:00	0.742	1.032	23	0	0	0	0	0	3	3	0	1	0	2	0	1	0	1	0	0	3	0	0	0	1	2	0	1	2	1	0	0	0	0	2	0	0
2017-07-12 08:21:00	1.000	1.438	31	0	0	1	0	1	5	1	0	1	0	2	0	1	0	2	0	0	3	0	0	0	2	2	0	5	3	2	0	1	0	0	0	0	0
2017-07-12 08:22:00	1.613	1.542	50	0	0	1	1	6	2	2	0	2	1	1	1	0	0	1	0	1	6	2	0	1	1	3	2	3	2	3	0	2	3	0	2	2	0
2017-07-12 08:23:00	1.516	1.180	47	0	0	1	2	1	2	2	0	1	2	1	2	1	2	2	0	0	5	1	1	2	2	1	3	2	3	3	2	1	3	0	0	0	0
2017-07-12 08:24:00	1.290	1.216	40	0	0	1	2	2	2	4	0	2	2	1	1	1	0	1	0	1	4	0	0	3	1	0	1	2	3	3	0	1	2	0	0	0	1
2017-07-12 08:25:00	1.484	1.503	46	0	0	1	3	0	3	3	0	2	2	1	2	1	1	2	0	2	4	0	0	3	1	0	5	0	2	5	0	1	2	0	0	0	1
2017-07-12 08:26:00	1.290	1.371	40	0	0	1	2	0	1	5	0	1	3	2	1	2	1	1	0	1	4	1	0	1	1	0	2	0	0	4	2	2	3	0	0	0	0
2017-07-12 08:27:00	1.097	1.469	34	0	0	1	2	0	0	0	0	1	1	0	6	4	3	1	0	1	4	1	0	1	1	0	2	0	1	2	0	1	2	0	0	0	0
2017-07-12 08:28:00	1.129	1.432	35	0	0	1	2	1	0	6	0	2	4	0	1	0	0	0	0	2	0	2	0	3	1	2	1	2	1	3	0	1	1	0	0	0	0
2017-07-12 08:29:00	0.806	1.223	25	0	0	1	2	5	2	3	0	1	2	0	0	0	1	0	0	1	0	0	0	1	1	0	0	0	1	0	0	3	2	0	0	0	0
2017-07-12 08:30:00	0.903	1.136	28	0	0	1	3	1	0	3	0	2	2	0	0	0	1	0	0	2	2	0	0	3	1	2	1	3	0	0	0	0	2	0	0	0	0
2017-07-12 08:31:00	0.452	0.675	14	0	0	1	2	0	0	0	0	1	1	0	0	0	1	0	0	0	2	0	0	0	1	0	1	1	0	2	0	1	1	0	0	0	0
2017-07-12 08:32:00	0.613	0.989	19	0	0	1	3	0	1	3	0	1	1	0	0	0	1	0	0	0	1	0	0	0	0	2	1	0	0	0	0	2	0	0	0	0	3
2017-07-12 08:33:00	0.419	0.765	13	0	0	1	2	0	1	1	0	1	0	0	0	0	1	0	0	0	2	0	0	0	0	0	1	1	0	0	3	0	0	0	0	0	0
2017-07-12 08:34:00	0.484	0.890	15	0	0	1	2	0	1	0	0	1	1	0	0	1	1	0	0	0	4	0	0	0	0	0	2	1	0	0	0	1	0	0	0	0	0
2017-07-12 08:35:00	0.323	0.979	10	0	0	1	2	0	1	0	0	0	0	0	0	1	0	0	0	0	5	0	0	0	0	0	1	0	0	0	0	0	0	0	0	0	0
2017-07-12 08:36:00	0.581	1.285	18	0	0	1	2	0	2	0	0	0	0	0	0	0	0	0	0	1	3	6	0	0	0	0	1	2	0	0	0	1	0	0	0	0	0
2017-07-12 08:37:00	0.613	1.086	19	0	0	1	3	4	2	0	0	0	0	0	0	1	3	0	0	1	2	1	0	0	0	0	1	0	0	0	0	1	0	0	0	0	0
2017-07-12 08:38:00	0.323	0.748	10	0	0	1	2	0	3	0	0	0	0	0	0	0	0	0	0	0	2	0	0	0	0	0	0	1	0	0	0	1	0	0	0	0	1
2017-07-12 08:39:00	0.387	0.715	12	0	0	1	2	0	2	2	0	0	0	0	0	0	1	0	0	0	2	0	0	0	0	0	0	1	0	0	0	1	0	0	0	0	1
2017-07-12 08:40:00	0.355	0.839	11	0	0	1	2	0	2	3	0	0	0	0	0	0	0	0	0	2	0	0	0	0	0	0	2	0	0	0	0	0	0	0	0	0	0
2017-07-12 08:41:00	0.387	0.955	12	0	0	1	1	0	1	0	0	0	0	0	0	0	1	3	0	2	0	0	0	0	0	0	4	0	0	0	0	0	0	0	0	0	0
2017-07-12 08:42:00	0.323	0.653	10	0	0	1	1	0	2	0	0	0	0	0	0	0	1	2	0	0	1	0	0	0	0	0	1	0	0	0	0	0	0	2	0	0	0
2017-07-12 08:43:00	0.290	0.739	9	0	0	1	2	0	1	0	0	0	0	0	0	0	0	0	0	0	3	0	0	0	0	0	2	0	0	0	0	0	0	1	0	0	0
2017-07-12 08:44:00	0.258	0.682	8	0	0	1	2	0	1	0	0	0	0	0	0	0	0	1	0	0	3	0	0	0	0	0	1	0	0	0	0	0	0	0	0	0	0
2017-07-12 08:45:00	0.226	0.560	7	0	0	1	1	0	1	0	0	0	0	0	0	0	0	0	0	1	2	0	0	0	0	2	0	0	0	0	0	0	0	0	0	0	0
2017-07-12 08:46:00	0.226	0.617	7	0	0	1	1	0	1	0	0	0	0	0	0	0	0	0	0	0	3	0	0	0	0	1	1	0	0	0	0	0	0	0	0	0	0
2017-07-12 08:47:00	0.613	2.216	19	0	0	1	12	0	1	0	0	0	0	0	0	1	0	0	0	0	3	0	0	0	0	2	0	0	0	0	0	0	0	0	0	0	0
2017-07-12 08:48:00	0.290	0.693	9	0	0	1	2	0	1	0	0	1	0	0	0	0	0	0	0	0	3	0	0	0	0	1	0	1	0	0	0	0	0	0	0	0	0
2017-07-12 08:49:00	0.258	0.729	8	0	0	1	2	0	0	0	0	0	0	0	0	0	0	0	0	0	3	0	0	0	0	1	0	2	0	0	0	0	0	0	0	0	0
2017-07-12 08:50:00	0.419	0.958	13	0	0	1	2	0	4	0	0	1	0	0	0	1	0	0	0	0	3	0	0	0	0	1	0	1	0	0	0	0	0	0	0	0	0
2017-07-12 08:51:00	0.742	1.032	23	0	0	1	1	4	3	1	0	1	1	0	0	1	0	0	0	0	3	0	0	1	0	1	0	1	1	1	0	1	2	0	0	0	0
2017-07-12 08:52:00	1.129	1.204	35	0	0	1	2	1	3	1	0	1	1	1	1	1	3	0	0	1	4	0	0	2	0	3	0	2	4	1	1	1	1	0	0	0	0
2017-07-12 08:53:00	1.032	1.080	32	0	0	1	0	0	1	1	0	2	0	0	0	2	1	0	1	3	3	1	0	0	0	2	0	2	1	3	3	1	0	1	2	2	0
2017-07-12 08:54:00	1.097	1.620	34	0	0	1	0	8	2	1	0	0	2	1	0	0	2	0	2	0	3	1	0	1	0	2	0	3	2	1	2	0	1	0	0	0	0
2017-07-12 08:55:00	0.613	0.803	19	0	0	1	1	1	1	0	0	0	1	1	0	0	1	0	1	0	2	1	0	2	0	0	0	0	3	0	0	1	1	2	0	0	0
2017-07-12 08:56:00	0.742	1.064	23	0	0	1	3	0	2	0	0	0	1	3	0	0	1	0	0	0	2	1	0	2	0	0	0	2	3	0	0	2	1	0	0	0	0
2017-07-12 08:57:00	0.903	1.720	28	0	0	1	9	0	0	0	0	0	2	1	0	2	0	0	0	0	2	1	0	1	0	0	0	1	1	1	0	1	2	0	0	1	3
2017-07-12 08:58:00	0.935	1.340	29	0	0	1	0	4	2	0	0	2	0	2	2	0	0	0	0	0	4	0	0	1	0	0	0	3	3	3	0	0	1	0	0	2	0
2017-07-12 08:59:00	0.903	0.908	28	0	0	1	0	1	1	1	0	2	0	1	2	1	1	1	0	1	3	0	0	2	0	1	0	1	3	0	1	1	2	0	0	2	0
2017-07-12 09:00:00	2.161	1.614	67	0	0	1	2	4	4	4	0	6	3	1	1	2	0	1	0	3	3	2	6	3	1	3	1	1	2	2	4	2	3	0	1	1	1
2017-07-12 09:01:00	2.968	2.089	92	0	0	1	3	6	0	6	0	2	3	2	3	4	1	1	2	6	0	1	4	4	1	7	1	4	6	4	7	2	4	1	2	2	3
2017-07-12 09:02:00	1.968	1.560	61	0	0	1	4	1	0	5	0	1	1	3	1	1	2	3	2	0	0	1	3	2	0	1	1	5	5	4	3	2	3	3	2	0	2
2017-07-12 09:03:00	1.968	1.760	61	0	0	1	3	3	0	9	0	0	1	2	2	1	2	3	3	1	0	0	2	2	0	3	2	1	4	3	2	3	3	2	2	0	2
2017-07-12 09:04:00	1.774	1.606	55	0	0	1	2	3	1	5	0	0	1	4	0	4	1	2	1	5	0	0	0	2	0	2	1	0	4	3	2	1	3	4	2	0	2
2017-07-12 09:05:00	1.452	1.362	45	0	0	1	3	2	0	4	0	0	1	1	1	4	1	2	3	1	0	1	4	2	0	1	1	0	3	0	1	2	4	0	2	0	1
2017-07-12 09:06:00	1.774	1.543	55	0	0	1	3	3	0	4	0	1	1	3	1	2	1	2	0	2	0	0	0	2	0	1	5	2	3	0	5	3	3	2	4	0	2
2017-07-12 09:07:00	1.774	1.586	55	0	0	1	3	2	0	6	0	3	0	4	1	2	0	4	2	2	1	0	2	2	1	4	1	4	3	0	0	1	2	0	3	0	2
2017-07-12 09:08:00	1.935	1.504	60	0	0	1	1	1	0	4	0	2	2	2	1	1	1	3	4	3	6	0	0	2	1	3	2	3	4	0	2	3	2	2	4	0	1
2017-07-12 09:09:00	1.548	1.434	48	0	0	1	2	4	0	3	0	1	0	3	1	3	1	2	3	2	5	0	0	2	0	2	0	3	3	0	0	1	2	0	2	0	3
2017-07-12 09:10:00	1.419	1.501	44	0	0	1	1	3	0	4	0	1	0	2	0	0	1	2	2	1	6	0	0	3	0	2	2	0	1	0	1	2	2	3	4	0	1
2017-07-12 09:11:00	1.452	1.524	45	0	0	1	2	1	0	5	0	0	0	2	0	2	2	2	1	3	5	0	1	1	0	0	1	0	0	0	3	3	4	3	2	0	2
2017-07-12 09:12:00	1.290	1.677	40	0	0	1	3	1	0	3	0	0	0	6	0	3	0	3	4	1	4	0	0	2	0	0	4	0	2	0	0	1	2	0	1	0	0
2017-07-12 09:13:00	0.903	1.300	28	0	0	1	1	3	0	3	0	0	0	0	0	2	0	1	0	3	4	0	0	1	0	0	1	1	4	0	0	0	2	0	0	0	2
2017-07-12 09:14:00	0.806	1.223	25	0	0	1	2	0	0	5	0	0	0	1	0	2	2	1	0	2	3	0	0	1	0	0	3	1	1	0	0	0	1	0	0	0	0
2017-07-12 09:15:00	0.677	1.107	21	0	0	1	2	0	0	4	0	0	0	0	0	1	1	1	0	0	2	0	0	3	0	0	1	0	3	0	1	0	2	0	0	0	0
2017-07-12 09:16:00	0.387	0.761	12	0	0	1	2	0	0	3	0	0	0	0	0	0	2	0	0	0	1	0	0	1	0	0	1	0	0	0	0	0	1	0	1	0	0
2017-07-12 09:17:00	0.710	1.216	22	0	0	1	2	0	0	4	0	0	0	0	0	0	2	0	0	1	4	0	0	1	0	0	2	0	1	0	0	0	3	0	2	0	0
2017-07-12 09:18:00	0.548	0.995	17	0	0	1	1	0	0	3	0	0	0	0	0	0	2	0	0	1	3	0	0	0	0	0	1	0	3	0	0	0	2	0	1	0	0
2017-07-12 09:19:00	0.516	1.208	16	0	0	1	1	0	0	2	0	0	0	0	0	0	1	0	0	0	4	0	0	5	0	0	0	0	2	0	0	0	1	0	0	0	0
2017-07-12 09:20:00	0.258	0.965	8	0	0	1	1	0	0	2	0	0	0	0	0	0	0	0	0	0	5	0	0	0	0	0	0	0	0	0	0	0	0	0	0	0	0
2017-07-12 09:21:00	0.516	1.092	16	0	0	1	3	0	0	2	0	0	0	0	0	0	3	0	0	0	3	0	0	0	0	0	0	3	0	0	0	0	0	0	2	0	0
2017-07-12 09:22:00	0.452	0.925	14	0	0	1	1	0	0	0	0	0	0	0	0	1	1	0	0	0	3	0	0	0	0	0	1	1	0	0	0	0	3	0	3	0	0
2017-07-12 09:23:00	0.194	0.543	6	0	0	1	0	0	0	0	0	0	0	0	0	2	1	0	0	0	0	0	0	0	0	0	0	0	0	0	0	0	2	0	1	0	0
2017-07-12 09:24:00	0.194	0.477	6	0	0	1	0	0	0	1	0	0	0	0	0	1	0	0	0	0	0	0	0	0	0	0	0	1	0	0	0	0	1	0	2	0	0
2017-07-12 09:25:00	0.065	0.359	2	0	0	1	0	0	0	0	0	0	0	0	0	2	0	0	0	0	0	0	0	0	0	0	0	0	0	0	0	0	0	0	0	0	0
2017-07-12 09:26:00	0.161	0.583	5	0	0	1	1	0	0	0	0	0	0	0	0	3	0	0	0	0	0	0	0	0	0	0	0	0	0	0	0	0	0	0	1	0	0
2017-07-12 09:27:00	0.194	0.477	6	0	0	1	2	0	0	0	0	0	0	0	0	1	0	0	0	0	1	0	0	0	0	0	0	0	0	0	0	1	0	0	1	0	0
2017-07-12 09:28:00	0.290	0.824	9	0	0	1	1	0	0	0	0	0	0	0	0	4	0	0	0	0	2	0	0	0	0	0	0	0	0	0	0	1	0	0	1	0	0
2017-07-12 09:29:00	0.258	0.965	8	0	0	1	0	0	0	0	0	0	0	0	0	0	0	0	0	0	5	0	0	0	0	0	0	0	0	0	0	2	0	0	1	0	0
2017-07-12 09:30:00	0.161	0.583	5	0	0	1	1	0	0	0	0	0	0	0	0	1	0	0	0	0	3	0	0	0	0	0	0	0	0	0	0	0	0	0	0	0	0
2017-07-12 09:31:00	0.194	0.749	6	0	0	1	1	0	0	0	0	0	0	0	0	1	0	0	0	0	4	0	0	0	0	0	0	0	0	0	0	0	0	0	0	0	0
2017-07-12 09:32:00	0.161	0.735	5	0	0	1	0	0	0	0	0	0	0	0	0	1	0	0	0	0	4	0	0	0	0	0	0	0	0	0	0	0	0	0	0	0	0
2017-07-12 09:33:00	0.161	0.454	5	0	0	1	0	0	0	0	0	0	0	0	0	0	0	0	0	0	2	0	0	0	0	1	0	0	1	0	1	0	0	0	0	0	0
2017-07-12 09:34:00	0.226	0.560	7	0	0	1	0	0	0	0	0	0	1	0	0	2	0	0	0	0	2	0	0	0	0	0	0	0	1	0	1	0	0	0	0	0	0
2017-07-12 09:35:00	0.258	0.773	8	0	0	1	0	0	0	0	0	0	0	0	0	3	0	0	0	0	3	0	1	0	0	0	0	0	0	0	1	0	0	0	0	0	0
2017-07-12 09:36:00	0.323	0.832	10	0	0	1	0	0	0	0	0	2	0	0	0	1	1	0	0	0	4	0	0	0	0	1	0	0	0	0	0	0	0	0	1	0	0
2017-07-12 09:37:00	0.387	0.715	12	0	0	1	1	0	0	1	0	0	0	0	1	1	3	0	0	0	2	0	1	0	0	0	0	0	0	0	0	1	0	0	1	0	0
2017-07-12 09:38:00	1.710	1.395	53	0	0	1	2	0	0	4	0	1	1	2	1	2	2	3	3	2	2	0	1	0	0	1	4	4	2	5	1	3	1	0	2	1	3
2017-07-12 09:39:00	0.935	1.413	29	0	0	1	1	0	0	1	0	0	0	2	1	2	1	1	0	0	0	0	0	0	0	1	3	4	0	3	0	6	1	0	1	0	1
2017-07-12 09:40:00	0.645	0.915	20	0	0	1	0	0	0	4	0	0	0	1	1	0	1	2	0	1	1	0	0	0	0	0	1	2	0	2	0	1	1	1	1	0	0
2017-07-12 09:41:00	1.065	2.235	33	0	0	1	0	0	0	6	0	0	0	11	0	2	1	1	0	1	1	0	0	0	0	0	1	3	0	2	0	2	0	0	1	0	1
2017-07-12 09:42:00	0.806	1.195	25	0	0	1	0	0	0	3	0	0	0	0	0	1	1	2	0	1	4	0	0	0	0	0	2	2	0	2	0	4	0	1	1	0	1
2017-07-12 09:43:00	0.484	0.811	15	0	0	1	0	2	0	2	0	0	0	0	0	0	1	0	0	1	3	0	0	1	0	0	1	2	0	0	0	1	0	0	1	0	0
2017-07-12 09:44:00	0.323	0.832	10	0	0	1	0	0	0	0	0	0	0	0	0	2	1	0	0	0	3	0	0	0	0	0	1	0	0	0	0	0	0	3	0	0	0
2017-07-12 09:45:00	0.548	1.457	17	0	0	1	0	0	0	0	0	0	0	0	0	0	1	0	0	7	1	0	0	0	0	0	3	2	0	0	0	3	0	0	0	0	0
2017-07-12 09:46:00	0.677	2.880	21	0	0	1	0	0	0	0	0	0	0	0	0	1	1	0	0	16	0	0	0	0	0	0	1	0	0	0	0	2	0	0	0	0	0
2017-07-12 09:47:00	0.161	0.454	5	0	0	1	0	0	0	0	0	0	0	0	0	0	2	0	0	0	0	0	0	0	0	0	1	0	0	0	0	0	0	1	1	0	0
2017-07-12 09:48:00	0.129	0.341	4	0	0	1	0	0	0	0	0	0	0	0	0	0	1	0	0	0	0	0	1	0	0	0	1	0	0	0	0	0	0	0	1	0	0
2017-07-12 09:49:00	0.161	0.454	5	0	0	1	0	0	0	0	0	0	0	0	0	0	1	0	0	1	0	0	0	0	0	0	2	0	0	0	0	0	0	1	0	0	0
2017-07-12 09:50:00	0.097	0.396	3	0	0	1	0	0	0	0	0	0	0	0	0	0	0	0	0	0	0	0	0	0	0	0	2	0	0	0	0	1	0	0	0	0	0
2017-07-12 09:51:00	0.516	2.336	16	0	0	1	0	0	0	0	0	0	0	0	0	1	0	0	0	0	0	0	0	0	0	0	13	0	0	0	0	1	0	1	0	0	0
2017-07-12 09:52:00	0.194	0.477	6	0	0	1	0	0	0	0	0	0	0	0	0	0	0	0	0	0	0	0	0	0	0	0	0	1	0	0	0	1	0	2	1	1	0
2017-07-12 09:53:00	0.226	0.669	7	0	0	1	0	0	0	0	0	0	0	0	0	2	0	0	0	0	0	0	0	0	0	0	0	1	0	0	0	1	0	0	0	0	3
2017-07-12 09:54:00	0.355	0.877	11	0	0	1	0	0	0	0	0	0	0	0	0	2	0	0	0	0	0	0	0	0	0	2	0	0	0	0	0	4	0	1	1	0	1
2017-07-12 09:55:00	0.194	0.654	6	0	0	1	0	0	0	0	0	0	0	0	0	0	0	0	0	0	0	0	0	0	0	1	0	0	0	0	0	2	0	0	0	0	3
2017-07-12 09:56:00	0.323	0.791	10	0	0	1	0	0	0	0	0	0	0	0	1	1	0	0	0	0	0	0	0	0	0	1	1	0	0	0	0	0	0	4	1	0	1
2017-07-12 09:57:00	0.323	1.137	10	0	0	1	0	0	0	0	0	0	0	0	1	6	0	0	0	0	0	0	0	0	0	0	1	2	0	0	0	0	0	0	0	0	0
2017-07-12 09:58:00	0.419	1.148	13	0	0	1	2	0	0	0	0	0	0	0	1	6	0	0	0	0	0	0	0	0	0	0	1	1	0	0	0	1	0	1	0	0	0
2017-07-12 09:59:00	0.161	0.583	5	0	0	1	1	0	0	0	0	0	0	0	3	1	0	0	0	0	0	0	0	0	0	0	0	0	0	0	0	0	0	0	0	0	0
2017-07-12 10:00:00	0.097	0.396	3	0	0	1	0	0	0	0	0	0	0	0	0	0	0	0	0	0	0	0	0	0	0	0	0	0	1	0	0	0	0	0	2	0	0
2017-07-12 10:01:00	0.129	0.341	4	0	0	1	1	0	0	0	0	0	0	0	0	1	0	0	0	0	0	0	0	0	0	0	0	0	1	0	0	0	0	0	1	0	0
2017-07-12 10:02:00	0.129	0.562	4	0	0	1	0	0	0	0	0	0	0	0	0	1	0	0	0	0	0	0	0	0	0	0	0	0	0	0	0	0	0	0	3	0	0
2017-07-12 10:03:00	0.226	0.560	7	0	0	1	1	0	0	0	0	0	0	0	0	2	0	1	0	0	0	0	0	0	0	0	0	0	0	0	0	0	2	0	1	0	0
2017-07-12 10:04:00	0.161	0.523	5	0	0	1	0	0	0	0	0	0	0	0	0	1	0	0	0	0	0	0	0	0	0	0	0	0	0	0	0	2	0	0	2	0	0
2017-07-12 10:05:00	0.226	0.805	7	0	0	1	4	0	0	0	0	0	0	0	0	1	0	0	0	0	0	0	0	0	0	0	0	0	0	0	0	0	0	0	2	0	0
2017-07-12 10:06:00	0.032	0.180	1	0	0	1	0	0	0	0	0	0	0	0	0	0	0	0	0	0	0	0	0	0	0	0	0	0	0	0	0	0	0	0	1	0	0
2017-07-12 10:07:00	0.032	0.180	1	0	0	1	0	0	0	0	0	0	0	0	0	0	0	0	0	0	0	0	0	0	0	0	0	0	0	0	0	0	0	0	1	0	0
2017-07-12 10:08:00	0.129	0.718	4	0	0	1	0	0	0	0	0	0	0	0	0	4	0	0	0	0	0	0	0	0	0	0	0	0	0	0	0	0	0	0	0	0	0
2017-07-12 10:09:00	0.000	0.000	0	0	0	1	0	0	0	0	0	0	0	0	0	0	0	0	0	0	0	0	0	0	0	0	0	0	0	0	0	0	0	0	0	0	0
2017-07-12 10:10:00	0.097	0.301	3	0	0	1	0	0	0	0	0	0	0	0	0	1	0	0	0	0	0	0	0	0	0	0	0	1	0	0	1	0	0	0	0	0	0
2017-07-12 10:11:00	0.065	0.250	2	0	0	1	0	0	0	0	0	0	0	0	0	1	0	0	0	0	0	0	0	0	0	1	0	0	0	0	0	0	0	0	0	0	0
2017-07-12 10:12:00	0.194	0.601	6	0	0	1	0	0	0	0	0	0	0	0	0	3	0	0	0	0	0	0	0	0	0	0	0	1	1	0	0	1	0	0	0	0	0
2017-07-12 10:13:00	0.290	0.739	9	0	0	1	0	0	0	0	0	0	0	0	0	3	0	0	0	0	0	0	0	0	0	0	0	2	1	0	0	1	0	0	2	0	0
2017-07-12 10:14:00	0.194	0.601	6	0	0	1	0	0	0	0	0	0	0	0	0	1	0	0	0	0	1	0	0	0	0	0	0	3	0	0	0	1	0	0	0	0	0
2017-07-12 10:15:00	0.226	0.669	7	0	0	1	0	0	0	0	0	0	0	0	0	2	1	0	0	0	3	0	0	0	0	0	0	1	0	0	0	0	0	0	0	0	0
2017-07-12 10:16:00	0.323	0.909	10	0	0	1	3	0	0	0	0	0	0	0	0	1	1	0	0	0	4	0	0	0	0	0	0	1	0	0	0	0	0	0	0	0	0
2017-07-12 10:17:00	0.258	0.631	8	0	0	1	0	0	2	0	0	0	0	0	0	1	1	0	0	0	2	0	0	0	0	0	0	0	0	0	0	2	0	0	0	0	0
2017-07-12 10:18:00	0.194	0.543	6	0	0	1	0	0	0	0	0	0	0	0	0	0	1	0	0	0	2	0	0	0	0	0	0	2	0	0	0	1	0	0	0	0	0
2017-07-12 10:19:00	0.355	0.877	11	0	0	1	2	0	0	1	0	0	0	0	0	0	1	0	0	0	4	0	0	0	0	0	0	1	0	0	0	2	0	0	0	0	0
2017-07-12 10:20:00	0.806	1.167	25	0	0	1	1	1	0	1	0	0	0	1	5	1	1	0	0	1	2	0	2	0	0	0	0	3	1	1	0	3	1	0	0	0	0
2017-07-12 10:21:00	1.452	1.387	45	0	0	1	2	3	0	4	0	3	0	2	2	2	1	0	0	0	5	0	3	1	0	1	1	2	2	2	1	2	3	0	3	0	0
2017-07-12 10:22:00	1.677	1.492	52	0	0	1	3	1	0	4	0	1	0	3	1	1	1	0	0	0	5	0	4	2	1	4	1	2	2	3	3	3	3	0	2	2	0
2017-07-12 10:23:00	1.194	1.195	37	0	0	1	3	2	0	3	0	2	0	2	1	1	2	0	1	0	4	0	4	1	1	1	1	2	2	0	0	2	1	0	1	0	0
2017-07-12 10:24:00	1.065	1.315	33	0	0	1	2	2	0	2	0	2	0	2	1	0	1	0	0	0	4	0	4	3	0	1	1	0	3	0	0	3	2	0	0	0	0
2017-07-12 10:25:00	0.774	1.117	24	0	0	1	3	2	0	2	0	0	0	1	0	0	2	0	0	0	2	0	4	2	0	1	1	2	0	0	0	0	2	0	0	0	0
2017-07-12 10:26:00	0.903	1.274	28	0	0	1	2	1	0	4	0	0	0	2	0	0	1	0	0	0	2	0	3	2	0	1	4	3	2	0	0	1	0	0	0	0	0
2017-07-12 10:27:00	0.677	1.077	21	0	0	1	2	1	0	2	0	0	0	2	1	0	0	0	0	0	0	0	2	2	0	1	0	0	4	0	0	3	1	0	0	0	0
2017-07-12 10:28:00	0.903	1.469	28	0	0	1	3	1	0	3	0	0	0	6	0	0	1	0	0	0	0	0	3	0	0	2	0	0	2	0	0	2	3	0	2	0	0
2017-07-12 10:29:00	0.645	1.199	20	0	0	1	5	0	0	3	0	0	0	0	0	1	0	0	0	0	0	0	3	1	0	1	0	2	2	1	0	0	0	0	1	0	0
2017-07-12 10:30:00	0.613	1.116	19	0	0	1	3	0	0	4	0	0	0	0	0	0	0	0	0	0	0	0	3	1	0	3	0	1	1	0	0	1	1	0	1	0	0
2017-07-12 10:31:00	0.419	0.807	13	0	0	1	1	0	0	2	0	0	0	0	0	1	0	0	0	0	0	0	0	1	0	2	0	0	3	0	0	2	1	0	0	0	0
2017-07-12 10:32:00	0.452	0.850	14	0	0	1	2	0	0	1	0	0	1	0	0	3	0	0	0	0	0	0	0	2	0	0	0	1	2	0	0	0	2	0	0	0	0
2017-07-12 10:33:00	0.452	1.028	14	0	0	1	4	0	0	2	0	0	0	0	0	1	0	0	0	0	0	0	0	0	0	2	0	0	3	0	0	0	2	0	0	0	0
2017-07-12 10:34:00	0.194	0.477	6	0	0	1	1	0	0	1	0	0	0	0	0	1	0	0	0	0	0	0	0	0	0	0	0	0	2	0	0	0	1	0	0	0	0
2017-07-12 10:35:00	0.194	0.654	6	0	0	1	0	0	0	1	0	0	0	0	0	3	0	0	0	0	0	0	0	0	0	0	0	0	2	0	0	0	0	0	0	0	0
2017-07-12 10:36:00	0.161	0.583	5	0	0	1	0	0	0	1	0	0	0	0	0	1	0	0	0	0	0	0	0	0	0	0	0	0	3	0	0	0	0	0	0	0	0
2017-07-12 10:37:00	0.194	0.654	6	0	0	1	0	0	0	1	0	0	0	0	0	3	0	0	0	0	0	0	0	0	0	0	0	0	2	0	0	0	0	0	0	0	0
2017-07-12 10:38:00	0.194	0.601	6	0	0	1	1	0	0	0	0	0	0	0	0	1	0	0	0	0	0	0	0	0	0	0	0	1	3	0	0	0	0	0	0	0	0
2017-07-12 10:39:00	0.129	0.499	4	0	0	1	2	0	0	0	0	0	0	0	0	0	0	0	0	0	0	0	0	0	0	0	0	0	2	0	0	0	0	0	0	0	0
2017-07-12 10:40:00	0.065	0.250	2	0	0	1	0	0	0	0	0	0	0	0	0	1	0	0	0	0	0	0	0	0	0	0	0	0	1	0	0	0	0	0	0	0	0
2017-07-12 10:41:00	0.032	0.180	1	0	0	1	0	0	0	0	0	0	0	0	0	1	0	0	0	0	0	0	0	0	0	0	0	0	0	0	0	0	0	0	0	0	0
2017-07-12 10:42:00	0.032	0.180	1	0	0	1	0	0	0	0	0	0	0	0	0	1	0	0	0	0	0	0	0	0	0	0	0	0	0	0	0	0	0	0	0	0	0
2017-07-12 10:43:00	0.129	0.562	4	0	0	1	0	0	0	0	0	0	0	0	0	0	0	0	0	0	1	0	0	0	0	3	0	0	0	0	0	0	0	0	0	0	0
2017-07-12 10:44:00	0.129	0.428	4	0	0	1	0	0	0	0	0	0	0	0	0	1	0	0	0	0	2	0	0	0	0	1	0	0	0	0	0	0	0	0	0	0	0
2017-07-12 10:45:00	0.097	0.396	3	0	0	1	0	0	0	0	0	0	0	0	0	0	0	0	0	0	1	0	0	0	0	2	0	0	0	0	0	0	0	0	0	0	0
2017-07-12 10:46:00	0.161	0.735	5	0	0	1	0	0	0	0	0	0	0	0	0	0	0	0	0	0	4	0	0	0	0	1	0	0	0	0	0	0	0	0	0	0	0
2017-07-12 10:47:00	0.129	0.499	4	0	0	1	0	0	0	0	0	0	0	0	0	0	0	0	0	0	2	0	0	0	0	2	0	0	0	0	0	0	0	0	0	0	0
2017-07-12 10:48:00	0.032	0.180	1	0	0	1	0	0	0	0	0	0	0	0	0	0	0	0	0	0	1	0	0	0	0	0	0	0	0	0	0	0	0	0	0	0	0
2017-07-12 10:49:00	0.065	0.250	2	0	0	1	0	0	0	0	0	0	0	0	0	0	1	0	0	0	0	0	0	0	0	1	0	0	0	0	0	0	0	0	0	0	0
2017-07-12 10:50:00	0.065	0.359	2	0	0	1	0	0	0	0	0	0	0	0	0	0	2	0	0	0	0	0	0	0	0	0	0	0	0	0	0	0	0	0	0	0	0
2017-07-12 10:51:00	0.032	0.180	1	0	0	1	0	0	0	0	0	0	0	0	0	0	0	0	0	1	0	0	0	0	0	0	0	0	0	0	0	0	0	0	0	0	0
2017-07-12 10:52:00	0.000	0.000	0	0	0	1	0	0	0	0	0	0	0	0	0	0	0	0	0	0	0	0	0	0	0	0	0	0	0	0	0	0	0	0	0	0	0
2017-07-12 10:53:00	0.032	0.180	1	0	0	1	0	0	0	0	0	0	0	0	0	1	0	0	0	0	0	0	0	0	0	0	0	0	0	0	0	0	0	0	0	0	0
2017-07-12 10:54:00	0.065	0.250	2	0	0	1	0	0	0	0	0	0	0	0	0	1	1	0	0	0	0	0	0	0	0	0	0	0	0	0	0	0	0	0	0	0	0
2017-07-12 10:55:00	0.097	0.301	3	0	0	1	0	0	0	0	0	0	0	0	0	0	1	0	0	0	0	0	0	0	0	0	0	1	0	0	0	0	0	0	1	0	0
2017-07-12 10:56:00	0.129	0.428	4	0	0	1	0	0	0	0	0	0	0	0	0	2	1	0	0	0	0	0	0	0	0	0	0	1	0	0	0	0	0	0	0	0	0
2017-07-12 10:57:00	0.000	0.000	0	0	0	1	0	0	0	0	0	0	0	0	0	0	0	0	0	0	0	0	0	0	0	0	0	0	0	0	0	0	0	0	0	0	0
2017-07-12 10:58:00	0.129	0.562	4	0	0	1	0	0	0	0	0	0	0	0	0	3	0	0	0	0	0	0	0	0	0	0	0	1	0	0	0	0	0	0	0	0	0
2017-07-12 10:59:00	0.065	0.250	2	0	0	1	0	0	0	0	0	0	0	0	0	0	1	0	0	0	0	0	0	0	0	0	0	1	0	0	0	0	0	0	0	0	0
2017-07-12 11:00:00	0.000	0.000	0	0	0	1	0	0	0	0	0	0	0	0	0	0	0	0	0	0	0	0	0	0	0	0	0	0	0	0	0	0	0	0	0	0	0
2017-07-12 11:01:00	0.097	0.396	3	0	0	1	0	0	0	0	0	0	0	0	0	0	1	0	0	0	0	0	0	0	0	0	0	0	0	0	0	2	0	0	0	0	0
2017-07-12 11:02:00	0.065	0.250	2	0	0	1	0	0	0	0	0	0	0	0	0	0	1	0	0	0	0	0	0	0	0	0	0	0	0	0	0	0	0	1	0	0	0
2017-07-12 11:03:00	0.032	0.180	1	0	0	1	0	0	0	0	0	0	0	0	0	0	0	0	0	0	0	0	0	0	0	0	0	0	0	0	0	0	0	1	0	0	0
2017-07-12 11:04:00	0.032	0.180	1	0	0	1	0	0	0	0	0	0	0	0	0	0	0	0	0	0	0	0	0	0	0	0	0	0	0	0	0	0	0	1	0	0	0
2017-07-12 11:05:00	0.097	0.396	3	0	0	1	0	0	0	0	0	1	0	0	0	0	0	0	0	0	0	0	0	0	0	0	0	0	2	0	0	0	0	0	0	0	0
2017-07-12 11:06:00	0.129	0.428	4	0	0	1	0	0	0	1	0	0	0	0	0	0	0	0	0	0	0	0	0	0	0	0	0	1	0	0	0	2	0	0	0	0	0
2017-07-12 11:07:00	0.161	0.735	5	0	0	1	0	0	0	0	0	0	0	0	0	4	0	0	0	0	0	0	0	0	0	0	0	1	0	0	0	0	0	0	0	0	0
2017-07-12 11:08:00	0.194	0.543	6	0	0	1	0	0	0	0	0	0	0	0	0	0	2	0	0	0	0	0	0	0	0	0	1	2	0	0	0	1	0	0	0	0	0
2017-07-12 11:09:00	0.161	0.523	5	0	0	1	2	0	0	0	0	0	0	0	0	2	1	0	0	0	0	0	0	0	0	0	0	0	0	0	0	0	0	0	0	0	0
2017-07-12 11:10:00	0.161	0.523	5	0	0	1	2	0	0	0	0	0	0	0	0	0	0	0	0	0	2	0	0	0	0	1	0	0	0	0	0	0	0	0	0	0	0
2017-07-12 11:11:00	0.290	0.693	9	0	0	1	2	0	0	0	0	0	0	0	0	0	2	0	0	0	2	0	0	0	0	0	1	0	0	0	0	2	0	0	0	0	0
2017-07-12 11:12:00	0.194	0.543	6	0	0	1	0	0	0	0	0	0	0	0	0	0	0	0	0	0	2	0	0	0	0	1	1	0	0	0	0	2	0	0	0	0	0
2017-07-12 11:13:00	0.097	0.396	3	0	0	1	0	0	0	0	0	0	0	0	0	1	0	0	0	0	0	0	0	0	0	0	0	0	0	0	0	2	0	0	0	0	0
2017-07-12 11:14:00	0.290	0.693	9	0	0	1	0	0	0	0	0	0	0	0	0	1	2	0	0	0	3	0	0	0	0	0	1	1	0	0	0	1	0	0	0	0	0
2017-07-12 11:15:00	0.323	0.979	10	0	0	1	0	0	0	0	0	0	0	0	0	1	1	0	0	0	5	0	0	0	0	0	1	2	0	0	0	0	0	0	0	0	0
2017-07-12 11:16:00	0.323	0.871	10	0	0	1	0	0	0	0	0	0	0	0	0	2	1	0	0	0	4	0	0	0	0	0	2	1	0	0	0	0	0	0	0	0	0
2017-07-12 11:17:00	0.323	0.871	10	0	0	1	0	0	0	0	0	0	0	0	0	0	2	0	0	0	4	0	0	0	0	0	1	2	0	0	0	1	0	0	0	0	0
2017-07-12 11:18:00	0.194	0.477	6	0	0	1	0	0	0	0	0	0	0	0	0	1	1	0	0	0	2	0	0	0	0	0	1	1	0	0	0	0	0	0	0	0	0
2017-07-12 11:19:00	0.226	0.762	7	0	0	1	0	0	0	0	0	0	0	0	0	0	0	0	0	0	4	0	0	1	0	0	1	0	0	0	1	0	0	0	0	0	0
2017-07-12 11:20:00	0.065	0.250	2	0	0	1	0	0	0	0	0	0	0	0	0	0	0	0	0	0	1	0	0	0	0	0	1	0	0	0	0	0	0	0	0	0	0
2017-07-12 11:21:00	0.000	0.000	0	0	0	1	0	0	0	0	0	0	0	0	0	0	0	0	0	0	0	0	0	0	0	0	0	0	0	0	0	0	0	0	0	0	0
2017-07-12 11:22:00	0.161	0.638	5	0	0	1	0	0	0	0	0	0	0	0	0	0	0	0	0	0	3	0	0	0	0	0	2	0	0	0	0	0	0	0	0	0	0
2017-07-12 11:23:00	0.097	0.539	3	0	0	1	0	0	0	0	0	0	0	0	0	0	0	0	0	0	3	0	0	0	0	0	0	0	0	0	0	0	0	0	0	0	0
2017-07-12 11:24:00	0.032	0.180	1	0	0	1	0	0	0	0	0	0	0	0	0	0	0	0	0	0	1	0	0	0	0	0	0	0	0	0	0	0	0	0	0	0	0
2017-07-12 11:25:00	0.290	1.296	9	0	0	1	0	0	0	0	0	0	0	0	0	0	0	0	0	0	0	0	0	0	0	0	7	0	0	0	0	2	0	0	0	0	0
2017-07-12 11:26:00	0.129	0.499	4	0	0	1	0	0	0	0	0	0	0	0	2	0	0	0	0	0	2	0	0	0	0	0	0	0	0	0	0	0	0	0	0	0	0
2017-07-12 11:27:00	0.129	0.428	4	0	0	1	0	0	1	0	0	0	0	0	0	0	0	0	0	0	1	0	0	0	0	0	0	0	0	0	0	2	0	0	0	0	0
2017-07-12 11:28:00	0.226	0.762	7	0	0	1	0	0	0	0	0	0	0	0	0	0	0	0	0	0	3	0	0	0	0	3	0	0	0	0	0	1	0	0	0	0	0
2017-07-12 11:29:00	0.129	0.428	4	0	0	1	0	0	0	0	0	0	0	0	1	0	0	0	0	0	2	0	0	0	0	0	0	0	0	0	0	1	0	0	0	0	0
2017-07-12 11:30:00	0.258	0.729	8	0	0	1	0	0	1	0	0	0	0	0	0	0	0	0	0	0	2	0	0	0	0	3	0	0	0	0	0	2	0	0	0	0	0
2017-07-12 11:31:00	0.097	0.396	3	0	0	1	0	0	0	0	0	0	0	0	0	0	0	0	0	0	0	0	0	0	0	2	0	0	0	0	0	1	0	0	0	0	0
2017-07-12 11:32:00	0.129	0.499	4	0	0	1	0	0	0	0	0	0	0	0	0	0	0	0	0	0	0	0	0	0	0	2	0	0	0	0	0	0	0	0	0	2	0
2017-07-12 11:33:00	0.065	0.359	2	0	0	1	0	0	0	0	0	0	0	0	0	0	0	0	0	0	0	0	0	0	0	2	0	0	0	0	0	0	0	0	0	0	0
2017-07-12 11:34:00	0.129	0.428	4	0	0	1	0	0	0	0	0	0	0	0	0	0	0	0	0	0	0	0	0	0	0	2	0	0	1	0	0	1	0	0	0	0	0
2017-07-12 11:35:00	0.097	0.301	3	0	0	1	0	0	0	0	0	0	0	1	0	0	0	0	0	0	0	0	0	0	0	1	0	0	1	0	0	0	0	0	0	0	0
2017-07-12 11:36:00	0.097	0.396	3	0	0	1	0	0	0	0	0	0	0	0	0	0	0	0	0	0	0	0	0	0	0	2	0	0	1	0	0	0	0	0	0	0	0
2017-07-12 11:37:00	0.032	0.180	1	0	0	1	0	0	0	0	0	0	0	0	0	0	0	0	0	0	0	0	0	0	0	1	0	0	0	0	0	0	0	0	0	0	0
2017-07-12 11:38:00	0.097	0.396	3	0	0	1	0	0	0	0	0	0	0	0	0	1	0	0	0	0	0	0	0	0	0	2	0	0	0	0	0	0	0	0	0	0	0
2017-07-12 11:39:00	0.097	0.396	3	0	0	1	0	0	0	0	0	0	0	0	0	1	0	0	0	0	0	0	0	0	0	2	0	0	0	0	0	0	0	0	0	0	0
2017-07-12 11:40:00	0.065	0.359	2	0	0	1	0	0	0	0	0	0	0	0	0	2	0	0	0	0	0	0	0	0	0	0	0	0	0	0	0	0	0	0	0	0	0
2017-07-12 11:41:00	0.032	0.180	1	0	0	1	0	0	0	0	0	0	0	0	0	1	0	0	0	0	0	0	0	0	0	0	0	0	0	0	0	0	0	0	0	0	0
2017-07-12 11:42:00	0.065	0.250	2	0	0	1	0	0	0	0	0	0	0	0	0	1	0	0	0	0	0	0	0	0	0	0	0	0	0	0	0	0	1	0	0	0	0
2017-07-12 11:43:00	0.032	0.180	1	0	0	1	0	0	0	0	0	0	0	0	0	0	0	0	0	0	0	0	0	0	0	0	0	0	0	0	0	1	0	0	0	0	0
2017-07-12 11:44:00	0.032	0.180	1	0	0	1	0	0	0	0	0	0	0	0	0	0	0	0	0	0	0	0	0	0	0	0	0	0	0	0	0	1	0	0	0	0	0
2017-07-12 11:45:00	0.065	0.359	2	0	0	1	0	0	0	0	0	0	0	0	0	0	0	0	0	0	0	0	0	0	0	0	0	0	0	0	0	2	0	0	0	0	0
2017-07-12 11:46:00	0.129	0.428	4	0	0	1	0	0	0	0	0	0	0	0	0	0	0	0	0	0	0	0	0	0	0	1	0	0	0	0	0	2	0	1	0	0	0
2017-07-12 11:47:00	0.194	0.654	6	0	0	1	0	0	0	0	0	0	0	0	0	0	0	0	0	0	0	0	0	0	0	2	0	0	0	0	0	1	0	3	0	0	0
2017-07-12 11:48:00	0.065	0.250	2	0	0	1	0	0	0	0	0	0	0	0	0	0	0	0	0	0	0	0	0	0	0	0	0	1	0	0	0	1	0	0	0	0	0
2017-07-12 11:49:00	0.129	0.428	4	0	0	1	0	0	0	1	0	0	0	0	0	0	0	0	0	0	2	0	0	0	0	1	0	0	0	0	0	0	0	0	0	0	0
2017-07-12 11:50:00	0.032	0.180	1	0	0	1	0	0	0	0	0	0	0	0	0	0	0	0	0	0	0	0	1	0	0	0	0	0	0	0	0	0	0	0	0	0	0
2017-07-12 11:51:00	0.000	0.000	0	0	0	1	0	0	0	0	0	0	0	0	0	0	0	0	0	0	0	0	0	0	0	0	0	0	0	0	0	0	0	0	0	0	0
2017-07-12 11:52:00	0.097	0.396	3	0	0	1	0	0	0	0	0	0	0	0	0	0	0	0	0	0	0	0	0	0	0	0	0	1	0	0	0	2	0	0	0	0	0
2017-07-12 11:53:00	0.290	0.643	9	0	0	1	2	0	0	0	0	0	0	1	0	1	0	0	0	0	0	0	0	0	0	0	0	2	0	0	0	2	0	0	0	1	0
2017-07-12 11:54:00	0.323	0.832	10	0	0	1	0	0	0	0	0	0	0	2	0	1	1	0	0	0	0	0	0	0	0	0	0	1	0	0	0	1	0	4	0	0	0
2017-07-12 11:55:00	0.323	0.791	10	0	0	1	3	0	0	0	0	0	0	2	0	2	1	0	0	0	0	0	0	0	0	0	0	2	0	0	0	0	0	0	0	0	0
2017-07-12 11:56:00	0.677	1.166	21	0	0	1	4	0	0	0	0	0	0	1	0	3	1	0	0	0	0	0	0	0	0	1	3	3	1	0	0	2	0	2	0	0	0
2017-07-12 11:57:00	0.290	0.693	9	0	0	1	0	0	0	0	0	0	0	2	0	1	1	0	0	0	0	0	0	0	0	1	0	3	1	0	0	0	0	0	0	0	0
2017-07-12 11:58:00	0.258	0.514	8	0	0	1	1	0	0	0	0	0	0	1	0	1	1	0	0	0	2	0	0	0	0	1	0	1	0	0	0	0	0	0	0	0	0
2017-07-12 11:59:00	0.387	0.803	12	0	0	1	1	0	0	0	0	0	0	2	0	1	1	0	0	2	0	0	0	0	0	2	0	3	0	0	0	0	0	0	0	0	0
2017-07-12 12:00:00	0.323	0.832	10	0	0	1	1	0	0	0	0	0	0	0	0	0	4	0	0	0	1	0	0	0	0	1	0	2	0	0	0	1	0	0	0	0	0
2017-07-12 12:01:00	0.355	0.709	11	0	0	1	2	0	0	0	0	0	0	0	0	2	2	0	0	0	0	0	0	0	0	2	0	1	0	0	0	1	1	0	0	0	0
2017-07-12 12:02:00	0.484	0.811	15	0	0	1	1	0	1	0	0	0	0	0	0	1	0	0	0	1	2	0	0	0	0	3	1	1	0	0	0	2	2	0	0	0	0
2017-07-12 12:03:00	0.516	0.926	16	0	0	1	1	0	1	0	0	0	0	0	0	2	0	0	0	0	3	0	0	0	0	3	1	0	0	0	0	2	1	2	0	0	0
2017-07-12 12:04:00	0.258	0.514	8	0	0	1	0	0	0	0	0	0	0	0	0	1	0	0	0	0	1	0	0	0	0	1	1	1	0	0	0	2	1	0	0	0	0
2017-07-12 12:05:00	0.419	0.848	13	0	0	1	0	0	0	0	0	0	0	0	0	2	0	0	0	0	0	0	0	0	0	1	2	2	0	0	0	1	2	3	0	0	0
2017-07-12 12:06:00	0.258	0.631	8	0	0	1	0	0	0	0	0	0	0	0	0	0	0	0	0	0	0	0	0	2	0	2	0	2	0	0	0	1	0	0	0	1	0
2017-07-12 12:07:00	0.258	0.631	8	0	0	1	0	0	0	0	0	0	0	0	0	1	0	0	0	0	0	0	0	1	0	2	0	0	0	0	0	0	2	0	0	2	0
2017-07-12 12:08:00	0.452	0.888	14	0	0	1	0	0	0	1	0	0	0	1	0	1	0	0	0	0	2	0	0	1	0	2	0	0	0	0	0	0	1	4	0	1	0
2017-07-12 12:09:00	0.871	1.147	27	0	0	1	2	1	0	1	0	0	0	2	0	1	0	0	0	1	4	0	0	1	0	2	0	4	0	0	1	1	2	2	0	2	0
